32.2405 51.9032 19.8005 0.0307719 0.997872 -0.0574905 0 1 2
33.47 51.8603 19.7659 0.0492042 0.99737 -0.0532258 0 0 2
34.125 51.8156 19.7299 0.0650351 0.996425 -0.0539278 0 0 2
34.9836 51.7631 19.6646 0.0655559 0.99712 -0.0381314 0 0 2
35.7198 51.7051 19.6149 0.0834376 0.996111 -0.0283168 0 0 2
36.6742 51.6165 19.5371 0.128814 0.991558 -0.0148443 0 0 2
37.5295 51.4644 19.4393 0.185388 0.98221 -0.029907 0 0 2
38.4924 51.2791 19.3221 0.18539 0.98221 -0.0299068 0 0 2
39.3535 51.0723 19.1912 0.232266 0.972511 -0.0165898 0 0 2
40.253 50.8406 19.048 0.294032 0.955678 -0.0149789 0 0 2
41.068 50.5494 18.9178 0.336779 0.941581 0.00216924 0 0 2
42.191 50.1611 18.7228 0.343109 0.938863 0.028501 0 0 2
42.8753 49.9031 18.5398 0.410559 0.910898 0.0413106 0 0 2
43.4426 49.6201 18.3254 0.456718 0.888948 0.0343688 0 0 2
44.0801 49.3039 18.0278 0.471602 0.881164 0.0337947 0 0 2
44.7521 48.9419 17.7091 0.486212 0.873197 0.0335289 0 0 2
45.4618 48.5605 17.3557 0.491337 0.870313 0.0338113 0 0 2
46.2994 48.0978 16.9253 0.496523 0.867358 0.033985 0 0 2
47.0119 47.7028 16.5524 0.523434 0.851638 0.027015 0 0 2
47.6415 47.2975 16.2523 0.548632 0.835767 0.0222882 0 0 2
48.3586 46.8221 15.9367 0.621843 0.783086 0.00937172 0 0 2
48.8518 46.3681 15.7304 0.672213 0.740042 -0.0216027 0 0 2
49.4808 45.8095 15.5005 0.708983 0.705043 0.0160467 0 0 2
50.0664 45.1497 15.3417 0.748386 0.663252 0.00392672 0 0 2
50.6018 44.5485 15.2289 0.740245 0.672323 -0.00438646 0 0 2
51.2699 43.8038 15.2179 0.747871 0.66357 -0.019084 0 0 2
51.9436 43.0471 15.3065 0.760738 0.648987 -0.00971573 0 0 2
52.4997 42.3725 15.4613 0.770577 0.637344 0.00214451 0 0 2
53.0558 41.6995 15.6707 0.776801 0.629691 0.00828125 0 0 2
53.4129 41.2461 15.8368 0.787019 0.61688 0.00773082 0 0 2
53.9108 40.6019 16.0651 0.796896 0.604111 0.00269474 0 0 2
54.4678 39.8499 16.3836 0.802665 0.596414 0.00434402 0 0 2
55.0238 39.1031 16.6716 0.802039 0.597269 -0.00148735 0 0 2
55.4311 38.557 16.8674 0.80062 0.599172 0.000139176 0 0 2
55.9723 37.836 17.1405 0.799405 0.60079 0.00192222 0 0 2
56.4155 37.2485 17.2814 0.796872 0.604147 0.00131881 0 0 2
56.8872 36.626 17.4037 0.796872 0.604147 0.00131734 0 0 2
57.3045 36.0755 17.4626 0.795861 0.605471 -0.00329311 0 0 2
57.6789 35.587 17.454 0.791099 0.611594 -0.010724 0 0 2
58.3537 34.7088 17.2739 0.791736 0.610754 -0.011554 0 0 2
59.0185 33.8413 16.9147 0.790207 0.612788 -0.00794508 0 0 2
59.4194 33.3236 16.5824 0.787437 0.616344 -0.00798584 0 0 2
60.0405 32.5223 15.8666 0.781043 0.624456 -0.00526154 0 0 2
60.4499 32.0162 15.1156 0.775698 0.631093 -0.00368037 0 0 2
60.7375 31.6579 14.2882 0.775168 0.631748 -0.00297032 0 0 2
60.8755 31.4867 13.7028 0.775712 0.631087 0.000477077 0 0 2
61 31.3364 13.073 0.776779 0.629765 0.00321605 0 0 2
61.0877 31.23 12.2681 0.778633 0.627479 -0.000969225 0 0 2
61.0843 31.2321 10.8867 0.778879 0.627175 -0.000519158 0 0 2
60.9791 31.3603 9.87244 0.780166 0.625569 -0.00225419 0 0 2
60.8057 31.5733 8.95483 0.78048 0.625179 -0.00145484 0 0 2
60.598 31.8321 8.2762 0.780794 0.624788 -0.000657042 0 0 2
60.3152 32.1849 7.63641 0.780894 0.624663 -0.00109566 0 0 2
60.0389 32.5283 7.11911 0.77983 0.62599 -0.00101505 0 0 2
59.7499 32.8876 6.66921 0.778073 0.628166 -0.00315717 0 0 2
59.2717 33.4725 6.18226 0.776307 0.630333 -0.00529537 0 0 2
58.9022 33.925 5.88394 0.780966 0.624533 -0.00713453 0 0 2
58.2915 34.7064 5.53686 0.789969 0.613145 -0.00149762 0 0 2
57.7132 35.4509 5.32718 0.791669 0.610947 -0.00194818 0 0 2
57.2459 36.0597 5.26209 0.793364 0.608743 -0.00239654 0 0 2
56.6038 36.8964 5.30589 0.798464 0.602028 -0.00416161 0 0 2
56.0631 37.6275 5.39548 0.804015 0.594563 -0.00745491 0 0 2
55.5667 38.3022 5.55632 0.806381 0.591302 -0.0105621 0 0 2
55.1609 38.8628 5.72229 0.808429 0.588478 -0.011669 0 0 2
54.5042 39.7707 6.00219 0.803724 0.594946 -0.00818222 0 0 2
53.9292 40.5364 6.24263 0.798932 0.601403 -0.00473043 0 0 2
53.3873 41.2578 6.43579 0.798836 0.60154 -0.00322488 0 0 2
52.7994 42.0132 6.64781 0.787092 0.616786 -0.0077553 0 0 2
52.3675 42.5657 6.75904 0.787092 0.616787 -0.0077548 0 0 2
51.6727 43.4333 6.96443 0.778593 0.627526 -0.00204771 0 0 2
51.0906 44.1587 7.15377 0.776312 0.630339 0.00348808 0 0 2
50.5788 44.7786 7.34693 0.772124 0.635436 0.00675973 0 0 2
49.953 45.5349 7.70441 0.726724 0.686097 0.0338058 0 0 2
49.5275 45.9042 7.99527 0.677501 0.733057 0.060171 0 0 2
48.949 46.4006 8.46244 0.660658 0.749787 0.0367537 0 0 2
48.3616 46.8292 8.99316 0.566343 0.823481 -0.0336882 0 0 2
47.8361 47.2122 9.52097 0.567199 0.822866 -0.0343121 0 0 2
47.3571 47.5656 10.0322 0.567612 0.822472 -0.0368395 0 0 2
46.8956 47.9062 10.5267 0.559665 0.828439 -0.0215453 0 0 2
46.3871 48.2463 11.043 0.494963 0.868914 0.000854992 0 0 2
45.6431 48.6009 11.7217 0.436182 0.899823 0.00794959 0 0 2
44.949 48.9384 12.3258 0.435636 0.900123 -0.000692657 0 0 2
44.2168 49.2885 12.91 0.431476 0.902124 0.000224754 0 0 2
43.4857 49.6287 13.4404 0.414159 0.90986 0.0250246 0 0 2
43.0046 49.833 13.7556 0.4057 0.913601 0.0272071 0 0 2
42.3059 50.1312 14.1612 0.388794 0.921292 0.00783702 0 0 2
41.4257 50.4306 14.5976 0.320831 0.946858 0.0229742 0 0 2
40.6659 50.6807 14.9038 0.288585 0.957342 0.0146446 0 0 2
39.8783 50.9019 15.1731 0.269092 0.963075 -0.00873771 0 0 2
39.1061 51.1199 15.4249 0.226959 0.973861 -0.0091711 0 0 2
38.3268 51.2597 15.6287 0.172042 0.985087 0.00241897 0 0 2
37.5197 51.4002 15.8123 0.143576 0.989639 -0.000363993 0 0 2
36.8117 51.482 15.9411 0.111912 0.993718 -0.000760243 0 0 2
36.041 51.5689 16.0599 0.111912 0.993718 -0.000760243 0 0 2
35.2554 51.6304 16.1569 0.0641981 0.997822 -0.015149 0 0 2
34.2064 51.6944 16.2377 0.0598981 0.99812 -0.0130147 0 0 2
33.1871 51.738 16.2691 0.0268513 0.999373 -0.0230703 0 0 2
32.1923 51.7548 16.2451 0.0173331 0.999668 -0.0190568 0 0 2
31.563 51.7654 16.2295 0.0154762 0.999664 -0.0208074 0 0 2
30.4436 51.7703 16.1929 0.000403291 0.999869 -0.0161904 0 0 2
29.4077 51.7698 16.1386 -0.00565931 0.999779 -0.0202682 0 0 2
28.3688 51.7552 16.0844 -0.0133434 0.999634 -0.023531 0 0 2
27.6881 51.7463 16.095 -0.0124911 0.999539 -0.0276633 0 0 2
27.031 51.735 16.1436 -0.0274719 0.999466 -0.0176889 0 0 2
26.3962 51.7216 16.2156 -0.0223199 0.999698 -0.0102637 0 0 2
25.5244 51.7024 16.2505 -0.026835 0.999595 -0.00943926 0 0 2
24.5036 51.6707 16.2804 -0.0313514 0.999471 -0.00861432 0 0 2
23.5508 51.644 16.2905 -0.0297447 0.999332 -0.0212329 0 0 2
22.5178 51.6086 16.2931 -0.0340411 0.999255 -0.0182067 0 0 2
21.4224 51.5714 16.3015 -0.0331027 0.999274 -0.0188709 0 0 2
20.4981 51.5394 16.3211 -0.0341744 0.999391 -0.00709098 0 0 2
19.6054 51.5094 16.3941 -0.0319101 0.999471 -0.00633932 0 0 2
18.589 51.48 16.5539 -0.0298184 0.99954 -0.00548101 0 0 2
17.6666 51.4547 16.6892 -0.0307398 0.999336 -0.0195595 0 0 2
16.8071 51.4349 16.8033 -0.0239717 0.999607 -0.0144993 0 0 2
15.9559 51.4159 16.8993 -0.0237959 0.999611 -0.0145617 0 0 2
15.3122 51.4015 16.9583 -0.0236232 0.999614 -0.0146211 0 0 2
14.3111 51.3808 17.0692 -0.0229401 0.999665 -0.0119834 0 0 2
13.588 51.364 17.1558 -0.0238354 0.999628 -0.0132767 0 0 2
12.6889 51.3451 17.2789 -0.0279716 0.99952 -0.0133335 0 0 2
11.9805 51.3226 17.3464 -0.0328853 0.999391 -0.0116712 0 0 2
11.0566 51.2913 17.4488 -0.0369634 0.999216 -0.0141951 0 0 2
10.3515 51.2659 17.5489 -0.0379525 0.999184 -0.0137991 0 0 2
9.56552 51.2393 17.6734 -0.0335417 0.999257 -0.0189912 0 0 2
8.84431 51.2191 17.7754 -0.0308026 0.999339 -0.0193179 0 0 2
7.95143 51.1941 17.9022 -0.0311648 0.999344 -0.01844 0 0 2
7.02469 51.1687 18.0714 -0.0308383 0.999324 -0.0199917 0 0 2
6.09665 51.1438 18.2584 -0.0325197 0.999261 -0.0204746 0 0 2
5.32587 51.1204 18.4013 -0.034957 0.999181 -0.0203579 0 0 2
4.36906 51.0898 18.5861 -0.0357186 0.999166 -0.0197609 0 0 2
3.36303 51.062 18.8133 -0.0251589 0.999541 -0.0168984 0 0 2
2.29416 51.0424 19.1103 -0.0235155 0.999548 -0.0187445 0 0 2
1.35212 51.0168 19.3742 -0.0351706 0.999179 -0.0201144 0 0 2
0.0844379 50.9894 19.729 -0.0350371 0.998789 -0.034525 0 0 2
-0.95002 50.9548 20.0208 -0.0429833 0.998498 -0.0339783 0 0 2
-1.83783 50.9246 20.2569 -0.0402647 0.998374 -0.0403398 0 0 2
-3.01677 50.8785 20.5688 -0.0523056 0.99768 -0.0435701 0 0 2
-4.01652 50.8366 20.8103 -0.060941 0.997122 -0.0450908 0 0 2
-4.82466 50.7905 20.9921 -0.0652933 0.996587 -0.050506 0 0 2
-5.71729 50.7418 21.1847 -0.0652933 0.996587 -0.0505061 0 0 2
-6.3984 50.7097 21.3325 -0.0634326 0.996964 -0.0451563 0 0 2
-7.17459 50.6617 21.4927 -0.0676289 0.996562 -0.0478643 0 0 2
-8.04599 50.6151 21.6827 -0.0645706 0.996571 -0.0517345 0 0 2
-9.14555 50.5493 21.893 -0.071025 0.99611 -0.052148 0 0 2
-9.91783 50.5041 21.9993 -0.0755339 0.995241 -0.0615686 0 0 2
-10.6855 50.4403 22.0783 -0.0888189 0.99423 -0.0601525 0 0 2
-11.7108 50.3553 22.1718 -0.0896739 0.994454 -0.054962 0 0 2
-12.5528 50.2787 22.2382 -0.0951116 0.994057 -0.0529628 0 0 2
-13.4747 50.194 22.3042 -0.100741 0.993327 -0.0561455 0 0 2
-14.4577 50.097 22.3797 -0.0977732 0.993213 -0.0629876 0 0 2
-15.6969 49.9828 22.5024 -0.0999396 0.992868 -0.0650046 0 0 2
-16.5957 49.8783 22.6228 -0.124294 0.990684 -0.0556478 0 0 2
-17.4921 49.7742 22.7717 -0.126222 0.99038 -0.0567013 0 0 2
-18.2556 49.6775 22.902 -0.136949 0.988973 -0.0563618 0 0 2
-18.8563 49.6017 23.023 -0.136527 0.988898 -0.0586662 0 0 2
-19.5796 49.5098 23.1565 -0.128355 0.98989 -0.0603582 0 0 2
-20.3032 49.4292 23.2709 -0.115912 0.991579 -0.0577518 0 0 2
-21.1871 49.3369 23.4046 -0.127682 0.990467 -0.0516864 0 0 2
-21.9188 49.2359 23.5112 -0.14369 0.988364 -0.0499078 0 0 2
-22.673 49.1275 23.6202 -0.157614 0.986939 -0.0333047 0 0 2
-23.304 49.0256 23.7109 -0.162619 0.986211 -0.0307129 0 0 2
-24.354 48.8586 23.8726 -0.157292 0.987174 -0.0273146 0 0 2
-25.3846 48.6767 24.0139 -0.187187 0.982298 -0.00717754 0 0 2
-26.3761 48.4946 24.1515 -0.192386 0.980811 -0.0315923 0 0 2
-27.2012 48.3278 24.2554 -0.200459 0.979359 -0.0259335 0 0 2
-28.0713 48.1523 24.3508 -0.198087 0.979808 -0.0271826 0 0 2
-28.8365 48.0017 24.4256 -0.195711 0.980249 -0.0284323 0 0 2
-29.7908 47.8253 24.5229 -0.193228 0.981114 -0.00885702 0 0 2
-30.5504 47.6649 24.5912 -0.206973 0.978338 -0.00421257 0 0 2
-31.3118 47.4945 24.6482 -0.263761 0.964485 -0.0141133 0 0 2
-32.0779 47.2655 24.6936 -0.286762 0.957982 -0.00615399 0 0 2
-32.7468 47.0654 24.7197 -0.283293 0.9586 -0.0288362 0 0 2
-33.9131 46.7157 24.7609 -0.291054 0.955969 -0.0375601 0 0 2
-34.741 46.4642 24.7735 -0.316157 0.948229 -0.0301105 0 0 2
-35.5051 46.1869 24.7735 -0.341028 0.93978 -0.0226432 0 0 2
-36.3068 45.877 24.7844 -0.418251 0.907906 -0.0278097 0 0 2
-37.2019 45.3961 24.7866 -0.47322 0.880891 -0.0097064 0 0 2
-37.829 45.0592 24.7816 -0.481434 0.876318 -0.0169962 0 0 2
-38.766 44.4624 24.7765 -0.560697 0.827772 0.020291 0 0 2
-39.6593 43.8576 24.7662 -0.572585 0.819776 0.0106605 0 0 2
-40.4288 43.2879 24.7586 -0.602994 0.797585 0.0160106 0 0 2
-40.9236 42.9138 24.76 -0.602994 0.797585 0.0160121 0 0 2
-41.8307 42.1834 24.7737 -0.64376 0.76515 -0.0108378 0 0 2
-42.7136 41.4291 24.7949 -0.64964 0.76022 -0.00578483 0 0 2
-43.5955 40.6565 24.846 -0.66181 0.749562 -0.0128194 0 0 2
-44.4234 39.9234 24.9093 -0.663386 0.748191 -0.0113631 0 0 2
-45.2118 39.2255 25.0316 -0.663825 0.747798 -0.0115859 0 0 2
-45.8925 38.6235 25.2009 -0.664117 0.747551 -0.0107707 0 0 2
-46.5749 38.0203 25.4025 -0.663091 0.748489 -0.00860263 0 0 2
-47.3843 37.3078 25.7278 -0.659232 0.751915 -0.00612026 0 0 2
-48.0839 36.6997 26.0847 -0.657649 0.753316 -0.00368157 0 0 2
-48.7967 36.0796 26.538 -0.654438 0.756109 -0.00320861 0 0 2
-49.4423 35.5255 27.0919 -0.652305 0.757956 0.000881754 0 0 2
-49.8312 35.1896 27.4535 -0.652062 0.758161 0.00278412 0 0 2
-50.2172 34.8561 27.8927 -0.648161 0.761503 -0.000679963 0 0 2
-50.717 34.4394 28.6834 -0.644238 0.764814 -0.00414433 0 0 2
-51.1495 34.081 29.5447 -0.644459 0.76461 -0.00659922 0 0 2
-51.4597 33.8274 30.4246 -0.644356 0.764697 -0.00670502 0 0 2
-51.638 33.6833 31.1229 -0.642263 0.766481 0.00239936 0 0 2
-51.7652 33.564 31.8993 -0.641305 0.767167 0.0134997 0 0 2
-51.843 33.4854 32.6738 -0.64417 0.764871 0.0042082 0 0 2
-51.8465 33.4792 33.7026 -0.652896 0.757362 0.0113599 0 0 2
-51.7108 33.5805 34.7477 -0.644984 0.764167 0.00667549 0 0 2
-51.4503 33.816 35.7687 -0.637762 0.769987 -0.0194717 0 0 2
-51.1215 34.1089 36.5798 -0.637817 0.769989 -0.0175021 0 0 2
-50.5396 34.6245 37.5218 -0.645463 0.76344 -0.0231653 0 0 2
-49.9106 35.1853 38.2578 -0.655921 0.75468 -0.0150214 0 0 2
-49.3717 35.6592 38.6916 -0.654796 0.755741 -0.00988283 0 0 2
-48.9157 36.0577 38.9475 -0.654797 0.75574 -0.0098849 0 0 2
-48.1837 36.7028 39.2722 -0.658675 0.7524 -0.0063446 0 0 2
-47.7003 37.1245 39.4202 -0.657001 0.753887 -0.00198199 0 0 2
-47.0777 37.6688 39.5242 -0.659712 0.751516 -0.00184849 0 0 2
-46.349 38.3087 39.5751 -0.66135 0.750076 0.00143868 0 0 2
-45.7276 38.855 39.5249 -0.657988 0.753014 0.00473262 0 0 2
-44.8421 39.6305 39.3891 -0.658885 0.752235 0.00353902 0 0 2
-44.143 40.2442 39.2276 -0.659238 0.751926 0.00360589 0 0 2
-43.5723 40.7453 39.0693 -0.659657 0.751504 0.0097217 0 0 2
-42.9909 41.2485 38.8376 -0.648732 0.7609 0.0133564 0 0 2
-42.0725 42.039 38.419 -0.638546 0.769514 0.0103512 0 0 2
-41.4989 42.5088 38.1481 -0.629521 0.776808 0.0165148 0 0 2
-40.9673 42.9447 37.9063 -0.629522 0.776807 0.0165162 0 0 2
-40.2733 43.4782 37.5611 -0.606456 0.795095 0.00586079 0 0 2
-39.6053 44.0001 37.234 -0.594063 0.804013 0.0255556 0 0 2
-38.9133 44.4943 36.924 -0.57572 0.817448 0.0180204 0 0 2
-38.2107 44.9939 36.5938 -0.512911 0.858357 0.0120847 0 0 2
-37.4143 45.4045 36.2641 -0.456861 0.889304 0.0204131 0 0 2
-36.8334 45.7081 36.0418 -0.456861 0.889304 0.0204131 0 0 2
-35.8216 46.1911 35.6495 -0.418815 0.908009 0.0107174 0 0 2
-35.3004 46.4336 35.4774 -0.418797 0.908017 0.0106666 0 0 2
-34.4774 46.814 35.2075 -0.397834 0.916817 0.0342839 0 0 2
-33.4996 47.2361 34.8931 -0.321344 0.945389 0.0545705 0 0 2
-32.6744 47.4725 34.6572 -0.255044 0.966549 0.0271332 0 0 2
-31.7773 47.7034 34.3928 -0.229377 0.973325 -0.00504045 0 0 2
-30.8636 47.8965 34.1368 -0.210026 0.977603 -0.0135006 0 0 2
-29.7757 48.125 33.7866 -0.195679 0.980373 -0.0240696 0 0 2
-28.8158 48.291 33.4639 -0.181657 0.982742 -0.0349217 0 0 2
-28.0525 48.4229 33.2053 -0.184277 0.982194 -0.0365499 0 0 2
-27.0213 48.6119 32.8362 -0.190638 0.981458 -0.0199584 0 0 2
-26.1519 48.7746 32.5336 -0.188298 0.981886 -0.0210733 0 0 2
-25.3514 48.9202 32.2727 -0.185955 0.982308 -0.0221905 0 0 2
-24.4365 49.0965 31.9645 -0.199628 0.979353 -0.0318689 0 0 2
-23.7342 49.2314 31.7382 -0.198507 0.979565 -0.0323609 0 0 2
-23.1362 49.3464 31.5515 -0.197727 0.979521 -0.0379916 0 0 2
-22.1754 49.5022 31.2575 -0.168193 0.984914 -0.0406974 0 0 2
-21.2821 49.6441 31.0001 -0.168959 0.984819 -0.0398148 0 0 2
-20.431 49.7739 30.7636 -0.158168 0.986836 -0.0337284 0 0 2
-19.6091 49.8981 30.5432 -0.148429 0.988126 -0.0397046 0 0 2
-18.8212 50.0072 30.3369 -0.158376 0.98553 -0.0604026 0 0 2
-18.2086 50.0966 30.1885 -0.158377 0.985529 -0.060404 0 0 2
-17.333 50.2203 29.9752 -0.153632 0.986163 -0.0622934 0 0 2
-16.3706 50.3545 29.7478 -0.140427 0.987462 -0.0720992 0 0 2
-15.4441 50.4576 29.5313 -0.129371 0.988128 -0.0828632 0 0 2
-14.5004 50.5512 29.3126 -0.114727 0.990211 -0.0795034 0 0 2
-13.565 50.6443 29.1052 -0.116118 0.990123 -0.0785671 0 0 2
-12.8584 50.7155 28.9533 -0.109527 0.99065 -0.0813413 0 0 2
-12.1756 50.7741 28.816 -0.103604 0.991526 -0.0783732 0 0 2
-11.1375 50.8683 28.5993 -0.0950915 0.992449 -0.0774705 0 0 2
-10.3613 50.9227 28.4542 -0.0849597 0.993029 -0.0817012 0 0 2
-9.43039 50.9911 28.2586 -0.0812648 0.992422 -0.0921619 0 0 2
-8.50988 51.0379 28.0694 -0.0703208 0.992842 -0.0965379 0 0 2
-7.6355 51.0798 27.8629 -0.0709532 0.993597 -0.0879295 0 0 2
-6.83913 51.1123 27.6069 -0.0691412 0.993607 -0.0892448 0 0 2
-6.13462 51.1377 27.3442 -0.0691429 0.993607 -0.0892459 0 0 2
-5.43304 51.1549 26.9984 -0.0683822 0.993634 -0.0895316 0 0 2
-4.78747 51.171 26.6846 -0.0687772 0.993746 -0.0879662 0 0 2
-4.08436 51.1847 26.3394 -0.0649423 0.993541 -0.0930485 0 0 2
-3.40539 51.1988 26.0161 -0.0594484 0.993969 -0.0921496 0 0 2
-2.81433 51.2026 25.7306 -0.0503964 0.994957 -0.0867237 0 0 2
-1.70721 51.2184 25.2226 -0.0506775 0.995539 -0.0795916 0 0 2
-0.638227 51.2129 24.6869 -0.0325045 0.995925 -0.0841294 0 0 2
0.375465 51.2137 24.1568 -0.0358257 0.996997 -0.0686597 0 0 2
0.985125 51.2128 23.8413 -0.034039 0.997062 -0.0686261 0 0 2
2.27804 51.2053 23.2143 -0.0292591 0.996694 -0.0757928 0 0 2
3.11798 51.2089 22.8436 -0.0407171 0.996232 -0.0765761 0 0 2
3.93298 51.2186 22.5231 -0.041694 0.99626 -0.0756842 0 0 2
4.82709 51.2379 22.2162 -0.0380177 0.99844 -0.0408921 0 0 2
5.6532 51.2567 21.9857 -0.0395423 0.99782 -0.0528274 0 0 2
6.46081 51.278 21.7835 -0.031808 0.997987 -0.0548571 0 0 2
7.17305 51.2847 21.6005 -0.0240695 0.998091 -0.0568839 0 0 2
8.2897 51.3041 21.3199 -0.0294509 0.998893 -0.0366736 0 0 2
8.93995 51.3185 21.1914 -0.0293137 0.998896 -0.0367013 0 0 2
10.0042 51.3444 21.0067 -0.029581 0.998579 -0.0443174 0 0 2
10.9186 51.3667 20.8674 -0.0315352 0.998831 -0.0366407 0 0 2
11.8301 51.3917 20.7636 -0.0307855 0.998851 -0.0367191 0 0 2
12.7249 51.4168 20.7138 -0.0300358 0.998871 -0.0367975 0 0 2
13.5068 51.4423 20.7015 -0.0353604 0.99901 -0.0270002 0 0 2
14.4255 51.4645 20.6365 -0.0284278 0.998983 -0.035001 0 0 2
15.2456 51.4846 20.5437 -0.0282302 0.998987 -0.0350386 0 0 2
16.2553 51.5111 20.4905 -0.0280343 0.998991 -0.0350723 0 0 2
16.8758 51.5277 20.4666 -0.0288063 0.999033 -0.0332015 0 0 2
18.3552 51.5745 20.3733 -0.0361224 0.998733 -0.0350391 0 0 2
19.5478 51.6149 20.296 -0.0362599 0.998731 -0.0349399 0 0 2
20.6625 51.6521 20.2463 -0.0346518 0.998812 -0.0342517 0 0 2
21.3297 51.6743 20.2188 -0.0350632 0.998688 -0.0373133 0 0 2
22.0965 51.6995 20.1998 -0.0320666 0.998838 -0.0359801 0 0 2
22.7126 51.7193 20.1951 -0.0324111 0.998924 -0.0331735 0 0 2
23.4862 51.7445 20.1966 -0.0336097 0.9989 -0.0327015 0 0 2
24.115 51.7678 20.2133 -0.0366096 0.99879 -0.0328322 0 0 2
24.7445 51.7931 20.28 -0.0366916 0.998788 -0.0328066 0 0 2
25.5184 51.8149 20.3046 -0.0256215 0.999051 -0.035226 0 0 2
26.3702 51.842 20.2098 -0.0372546 0.998424 -0.0419745 0 0 2
27.0499 51.8639 20.1339 -0.0369336 0.998432 -0.0420744 0 0 2
27.7994 51.8884 20.0536 -0.0217313 0.998945 -0.040464 0 0 2
28.4396 51.8901 19.9951 -0.00626775 0.999206 -0.0393478 0 0 2
29.2288 51.8928 19.938 -0.00932796 0.999269 -0.0370793 0 0 2
46.2431 48.4009 6.87198 0.574209 0.813528 0.0919589 0 0 2
46.75 48.112 6.34297 0.56826 0.816951 0.0983469 0 0 2
47.2937 47.7759 5.8162 0.551489 0.834174 0.00380785 0 0 2
47.9437 47.3217 5.23848 0.635899 0.768195 0.0742203 0 0 2
48.6092 46.8224 4.70432 0.669221 0.74165 0.0458152 0 0 2
49.0246 46.4219 4.38742 0.700787 0.713161 0.0172907 0 0 2
49.8368 45.6512 3.83972 0.730333 0.682856 0.0179043 0 0 2
50.3316 45.0677 3.54007 0.764573 0.644487 -0.00804402 0 0 2
51.0562 44.1915 3.16314 0.774277 0.632832 -0.00434117 0 0 2
51.7123 43.3756 2.8924 0.777759 0.628491 -0.00944949 0 0 2
52.2687 42.6844 2.71621 0.781637 0.623723 -0.00351525 0 0 2
52.9371 41.7788 2.54438 0.806319 0.591011 -0.0235829 0 0 2
53.5067 40.9978 2.4468 0.80113 0.598205 -0.0184864 0 0 2
53.8761 40.5115 2.41232 0.798178 0.602332 -0.0104311 0 0 2
54.6442 39.4848 2.35649 0.800477 0.599317 -0.00747246 0 0 2
55.2749 38.6405 2.35157 0.801188 0.598357 -0.00815665 0 0 2
56.0463 37.611 2.39776 0.797064 0.603868 -0.0056429 0 0 2
56.6457 36.8291 2.49651 0.79455 0.607197 -0.00154729 0 0 2
57.1234 36.2025 2.60639 0.795334 0.606171 -0.000968133 0 0 2
57.6309 35.538 2.75406 0.793347 0.608743 -0.00568716 0 0 2
58.0265 35.0254 2.89783 0.791272 0.611463 -0.00143289 0 0 2
58.6173 34.2626 3.17956 0.786925 0.617041 0.00307911 0 0 2
59.1662 33.5816 3.52332 0.779342 0.626534 -0.00898472 0 0 2
59.7471 32.8658 3.98796 0.781114 0.624316 -0.00955744 0 0 2
60.305 32.1734 4.58046 0.782271 0.622879 -0.00857846 0 0 2
60.7476 31.626 5.19184 0.78255 0.622537 -0.00796963 0 0 2
61.1721 31.1011 5.96133 0.782168 0.623027 -0.0070907 0 0 2
61.5234 30.6704 6.81866 0.78173 0.623584 -0.0064303 0 0 2
61.8036 30.329 7.90499 0.781894 0.623385 -0.00572064 0 0 2
62.0079 30.0837 9.09945 0.781957 0.623307 -0.0056142 0 0 2
62.105 29.9722 10.1307 0.779197 0.626762 -0.00458143 0 0 2
62.1762 29.8901 11.4624 0.775721 0.631075 -0.00120931 0 0 2
62.176 29.8901 12.1122 0.776312 0.630345 0.0019734 0 0 2
62.0912 29.9864 13.5669 0.777295 0.629126 0.00368159 0 0 2
61.9685 30.1399 14.5314 0.779432 0.626486 -0.00137752 0 0 2
61.7663 30.3909 15.5975 0.780724 0.624875 0.000928379 0 0 2
61.5798 30.6239 16.2653 0.7796 0.626277 0.00109085 0 0 2
61.1571 31.1449 17.212 0.778344 0.627835 0.00200771 0 0 2
60.6879 31.7333 17.9315 0.783699 0.621053 -0.0104628 0 0 2
60.2399 32.3198 18.4515 0.788444 0.614941 -0.0142612 0 0 2
59.8777 32.792 18.7831 0.787326 0.616344 -0.015409 0 0 2
59.2338 33.6198 19.2443 0.78674 0.617269 -0.00433126 0 0 2
58.6816 34.3256 19.5237 0.789019 0.614327 -0.00709673 0 0 2
58.0344 35.1659 19.7566 0.790355 0.612558 -0.0105487 0 0 2
57.3341 36.0718 19.8935 0.789711 0.613402 -0.00973266 0 0 2
56.8569 36.6989 19.9284 0.797971 0.602647 -0.00767787 0 0 2
56.0896 37.71 19.889 0.797662 0.602991 -0.0117354 0 0 2
55.6821 38.2499 19.8459 0.798576 0.601781 -0.0116675 0 0 2
55.2132 38.864 19.7739 0.795485 0.605973 -4.60225e-07 0 0 2
54.8187 39.3856 19.7047 0.797509 0.603306 0.00124694 0 0 2
54.2069 40.1946 19.6041 0.797613 0.603169 0.0011161 0 0 2
53.6367 40.9326 19.5109 0.790644 0.612255 -0.00508493 0 0 2
53.0919 41.6357 19.4396 0.784429 0.620219 -0.000646652 0 0 2
52.6699 42.157 19.4006 0.776935 0.629581 0.000939607 0 0 2
52.2742 42.6453 19.3887 0.777767 0.628551 0.000962779 0 0 2
51.6447 43.4263 19.3984 0.7786 0.62752 0.000983405 0 0 2
51.0567 44.1366 19.4511 0.754641 0.654717 0.04316 0 0 2
50.4649 44.7728 19.5574 0.72615 0.68712 0.0239275 0 0 2
49.9384 45.3249 19.6836 0.726151 0.687119 0.0239268 0 0 2
49.2363 45.9764 19.855 0.651719 0.757116 0.0451514 0 0 2
48.4056 46.636 20.0902 0.626693 0.778712 0.0293874 0 0 2
47.8334 47.053 20.2654 0.593835 0.803036 0.0499254 0 0 2
47.1814 47.4515 20.472 0.49215 0.870316 0.0183984 0 0 2
46.4408 47.8543 20.7079 0.484227 0.874539 0.0265548 0 0 2
45.9214 48.1501 20.8764 0.504138 0.863113 0.029671 0 0 2
45.3783 48.4612 21.0549 0.517711 0.85555 0.0030832 0 0 2
44.7501 48.8601 21.245 0.491075 0.870961 -0.0165087 0 0 2
44.0613 49.2095 21.4337 0.450277 0.892838 -0.00947624 0 0 2
43.1015 49.7102 21.6618 0.431501 0.902032 0.0120375 0 0 2
42.3817 50.0173 21.8049 0.397058 0.917736 0.0103251 0 0 2
41.783 50.2774 21.8992 0.399248 0.916821 0.00629718 0 0 2
41.1351 50.5411 21.9946 0.302369 0.953181 -0.00423172 0 0 2
40.3658 50.7855 22.0826 0.302368 0.953182 -0.00422928 0 0 2
39.4489 51.065 22.1752 0.262798 0.964563 0.0235773 0 0 2
38.8183 51.2214 22.2341 0.236517 0.971557 0.0116745 0 0 2
37.9273 51.4323 22.2961 0.199473 0.979898 -0.00335386 0 0 2
37.1473 51.5608 22.3462 0.149991 0.988657 0.00771969 0 0 2
36.4323 51.6689 22.3859 0.149992 0.988657 0.00772161 0 0 2
35.7055 51.7576 22.4148 0.11725 0.993101 0.00138119 0 0 2
34.791 51.8541 22.4515 0.0875422 0.996159 0.00197689 0 0 2
33.8782 51.9223 22.4883 0.0742676 0.997209 -0.00770949 0 0 2
32.9855 51.9612 22.513 0.0389207 0.999242 -0.00113387 0 0 2
32.1045 51.9989 22.5413 0.027261 0.999408 -0.0210112 0 0 2
31.4937 52.0034 22.5641 0.00623577 0.999604 -0.027426 0 0 2
30.6959 52.0093 22.5995 0.0123196 0.999436 -0.0312411 0 0 2
30.0054 52.0232 22.634 0.00698277 0.999121 -0.0413222 0 0 2
29.0661 52.0217 22.6882 -0.00443843 0.998857 -0.0475827 0 0 2
28.3201 52.0095 22.7379 -0.0213284 0.99898 -0.0398074 0 0 2
27.2125 51.9827 22.8023 -0.0338009 0.998486 -0.0433935 0 0 2
26.3417 51.9506 22.8433 -0.0387217 0.998377 -0.0417634 0 0 2
25.485 51.9186 22.861 -0.0373626 0.998456 -0.0411132 0 0 2
24.8177 51.8934 22.8513 -0.0369882 0.998465 -0.0412155 0 0 2
24.0901 51.8652 22.8148 -0.0338799 0.998532 -0.0422667 0 0 2
23.4638 51.8441 22.7807 -0.0312895 0.998631 -0.0419279 0 0 2
22.743 51.8205 22.756 -0.0301439 0.998635 -0.0426586 0 0 2
21.7932 51.7907 22.7402 -0.0318901 0.998497 -0.0445796 0 0 2
20.9142 51.7627 22.743 -0.0338981 0.998474 -0.0436057 0 0 2
19.9051 51.727 22.7631 -0.0364739 0.998412 -0.0429386 0 0 2
18.8839 51.6911 22.7961 -0.0356058 0.998423 -0.0433991 0 0 2
17.946 51.6588 22.8328 -0.0374831 0.998265 -0.0454037 0 0 2
17.0429 51.6267 22.8727 -0.0327324 0.998335 -0.0475056 0 0 2
16.314 51.6088 22.9068 -0.0257271 0.998535 -0.0475988 0 0 2
15.6516 51.5935 22.9442 -0.0272228 0.998507 -0.047348 0 0 2
14.8465 51.5726 22.9907 -0.028718 0.998477 -0.0470971 0 0 2
14.0376 51.5527 23.0426 -0.0291723 0.99868 -0.04228 0 0 2
13.1274 51.5293 23.1012 -0.0257766 0.997933 -0.0588597 0 0 2
12.2438 51.5109 23.175 -0.0232733 0.997951 -0.0595965 0 0 2
11.5149 51.5012 23.2662 -0.0207724 0.997962 -0.0603354 0 0 2
10.4875 51.4852 23.4215 -0.0279429 0.997604 -0.0632825 0 0 2
9.63792 51.4702 23.5859 -0.0297752 0.997594 -0.0626001 0 0 2
8.77564 51.4589 23.7874 -0.0247719 0.997073 -0.0723262 0 0 2
8.08627 51.4574 23.9771 -0.0223272 0.997086 -0.0729477 0 0 2
7.03266 51.4571 24.2953 -0.0246847 0.997064 -0.0724794 0 0 2
6.33606 51.4583 24.5434 -0.0235585 0.996716 -0.0774701 0 0 2
5.55865 51.4645 24.8589 -0.0319428 0.996456 -0.077814 0 0 2
4.69664 51.4693 25.2628 -0.0309569 0.995625 -0.0881629 0 0 2
3.99564 51.48 25.6293 -0.0318325 0.99527 -0.0917849 0 0 2
3.07824 51.4923 26.1438 -0.0484966 0.993332 -0.104597 0 0 2
2.35082 51.5032 26.5848 -0.0442785 0.993023 -0.109296 0 0 2
1.75151 51.5228 26.9665 -0.0398634 0.992685 -0.113959 0 0 2
1.11359 51.5437 27.3701 -0.0396656 0.992697 -0.113925 0 0 2
0.00765844 51.5674 28.0754 -0.0483055 0.993538 -0.102705 0 0 2
-0.808589 51.581 28.5938 -0.0479077 0.99343 -0.103934 0 0 2
-1.66163 51.5976 29.1318 -0.0470026 0.993352 -0.105088 0 0 2
-2.27267 51.6094 29.5164 -0.0515213 0.993071 -0.105617 0 0 2
-2.91261 51.6109 29.888 -0.0603414 0.991404 -0.116094 0 0 2
-3.66113 51.6198 30.3151 -0.0615007 0.989827 -0.128298 0 0 2
-4.2039 51.6234 30.6036 -0.0689582 0.990054 -0.122632 0 0 2
-4.78506 51.6137 30.9012 -0.0764098 0.990193 -0.116955 0 0 2
-5.72912 51.5936 31.3478 -0.0798198 0.990183 -0.114747 0 0 2
-6.56473 51.5649 31.7125 -0.0831134 0.990172 -0.112477 0 0 2
-7.49447 51.5306 32.0682 -0.08903 0.988949 -0.118548 0 0 2
-8.08732 51.4995 32.2913 -0.0947853 0.988871 -0.114669 0 0 2
-8.8373 51.4575 32.5474 -0.0945173 0.988918 -0.114487 0 0 2
-9.66341 51.4061 32.8352 -0.111332 0.988519 -0.102158 0 0 2
-10.6763 51.3262 33.166 -0.110941 0.988573 -0.102057 0 0 2
-11.5427 51.255 33.4411 -0.114441 0.988902 -0.0947405 0 0 2
-12.3522 51.1853 33.6909 -0.114198 0.988932 -0.0947178 0 0 2
-13.3084 51.1026 33.9785 -0.113958 0.988962 -0.0946985 0 0 2
-14.361 51.0044 34.3003 -0.138284 0.98647 -0.0880594 0 0 2
-15.2884 50.8856 34.5895 -0.154593 0.9837 -0.0918393 0 0 2
-15.9723 50.7983 34.805 -0.163018 0.983277 -0.0811898 0 0 2
-16.6675 50.6986 35.0365 -0.161255 0.984462 -0.0695016 0 0 2
-17.8029 50.5386 35.4069 -0.185109 0.980263 -0.0694163 0 0 2
-18.3753 50.4303 35.6063 -0.209944 0.975464 -0.0662807 0 0 2
-18.998 50.3099 35.8296 -0.211263 0.975358 -0.0635934 0 0 2
-19.7342 50.1711 36.085 -0.196874 0.978368 -0.0635325 0 0 2
-20.3605 50.0598 36.3113 -0.196874 0.978368 -0.0635323 0 0 2
-21.376 49.8726 36.6915 -0.204267 0.977541 -0.0518495 0 0 2
-22.3467 49.6904 37.0595 -0.203057 0.977809 -0.0515467 0 0 2
-23.3168 49.4992 37.4326 -0.210893 0.976797 -0.0373071 0 0 2
-24.254 49.3144 37.7953 -0.206885 0.977691 -0.0363042 0 0 2
-25.0935 49.1423 38.1196 -0.210129 0.977434 -0.0216613 0 0 2
-25.77 49.0083 38.3804 -0.202244 0.979102 -0.0213735 0 0 2
-26.7802 48.8081 38.7668 -0.207287 0.978152 -0.0158065 0 0 2
-27.7251 48.6029 39.1227 -0.216655 0.976192 -0.0104832 0 0 2
-28.6129 48.4093 39.4439 -0.213762 0.976827 -0.0107308 0 0 2
-29.5491 48.1899 39.7712 -0.225799 0.974066 0.0144769 0 0 2
-30.4827 47.9689 40.0844 -0.245241 0.969372 0.0132146 0 0 2
-31.3112 47.7157 40.3554 -0.288372 0.956087 0.0523401 0 0 2
-32.0929 47.4663 40.606 -0.290388 0.955463 0.0525908 0 0 2
-32.6807 47.2757 40.7963 -0.285015 0.95804 0.030429 0 0 2
-33.4215 47.0599 41.0213 -0.29395 0.955721 0.0138095 0 0 2
-34.1893 46.8042 41.2611 -0.310338 0.950424 0.0196124 0 0 2
-34.9347 46.5383 41.4814 -0.357516 0.933906 -0.00143687 0 0 2
-35.5671 46.2813 41.6756 -0.382247 0.923913 0.0164967 0 0 2
-36.327 45.9535 41.892 -0.408951 0.911895 0.0347416 0 0 2
-36.9787 45.6354 42.0801 -0.429296 0.902336 0.038655 0 0 2
-37.6211 45.3106 42.2565 -0.512717 0.858507 -0.00935363 0 0 2
-38.2674 44.8853 42.4307 -0.550368 0.834913 -0.0039097 0 0 2
-38.9053 44.4656 42.5996 -0.550367 0.834914 -0.00391255 0 0 2
-39.6108 43.9699 42.763 -0.57479 0.8183 0.00128485 0 0 2
-40.3112 43.4777 42.9256 -0.572636 0.819788 -0.00595233 0 0 2
-40.9758 42.9378 43.0587 -0.63157 0.775287 -0.00702611 0 0 2
-41.4924 42.5178 43.1558 -0.631572 0.775285 -0.00702577 0 0 2
-42.3061 41.8313 43.2786 -0.648277 0.76139 -0.00464911 0 0 2
-42.7944 41.4157 43.3258 -0.648115 0.76153 -0.00437373 0 0 2
-43.6489 40.6782 43.3687 -0.654503 0.756023 -0.00744945 0 0 2
-44.3212 40.096 43.3546 -0.657696 0.753253 -0.00677765 0 0 2
-44.9616 39.5317 43.303 -0.660167 0.751103 -0.00491957 0 0 2
-45.6885 38.8934 43.1858 -0.658541 0.752535 -0.00385416 0 0 2
-46.299 38.3596 43.0319 -0.657628 0.753332 -0.00397731 0 0 2
-47.0046 37.7418 42.8072 -0.657527 0.753431 0.000235469 0 0 2
-47.6946 37.1427 42.5714 -0.655983 0.754773 0.00198307 0 0 2
-48.5816 36.3728 42.1789 -0.655927 0.754822 0.00194496 0 0 2
-49.4239 35.643 41.658 -0.655403 0.755278 0.00146687 0 0 2
-50.1608 35.0047 41.0973 -0.65386 0.756613 0.00191253 0 0 2
-50.8046 34.4486 40.4933 -0.654157 0.756355 -0.00252958 0 0 2
-51.3603 33.9658 39.8264 -0.652523 0.757735 -0.00714954 0 0 2
-51.8885 33.5129 39.0339 -0.639667 0.768601 -0.00892559 0 0 2
-52.192 33.2537 38.4651 -0.639666 0.768601 -0.00892402 0 0 2
-52.5594 32.9331 37.5915 -0.641057 0.767385 -0.0128867 0 0 2
-52.8206 32.7083 36.6407 -0.632165 0.774706 -0.0140719 0 0 2
-52.9857 32.5502 35.7445 -0.632811 0.774048 -0.02002 0 0 2
-53.086 32.4476 34.9524 -0.627155 0.778712 -0.0168371 0 0 2
-53.165 32.3919 33.9449 -0.625561 0.780122 0.00904355 0 0 2
-53.191 32.3788 33.2832 -0.625562 0.780122 0.00904182 0 0 2
-53.1642 32.4084 32.1492 -0.625952 0.779848 0.00463396 0 0 2
-53.0902 32.4828 31.2769 -0.635933 0.771695 0.00877077 0 0 2
-52.9534 32.5969 30.3245 -0.637474 0.770472 -0.000137242 0 0 2
-52.7373 32.7644 29.2695 -0.636589 0.771137 -0.0100837 0 0 2
-52.513 32.9396 28.5007 -0.638239 0.76982 -0.00536416 0 0 2
-52.1042 33.274 27.5106 -0.641906 0.766721 -0.00974655 0 0 2
-51.598 33.6854 26.5297 -0.644284 0.764775 -0.00423561 0 0 2
-51.0821 34.1222 25.6623 -0.648278 0.761398 -0.00276318 0 0 2
-50.752 34.4014 25.1697 -0.648278 0.761399 -0.00276204 0 0 2
-49.9837 35.0515 24.1606 -0.648117 0.761535 -0.00301627 0 0 2
-49.402 35.5478 23.5268 -0.651371 0.75875 -0.00367529 0 0 2
-48.8628 36.0079 23.0091 -0.651284 0.758824 -0.00378515 0 0 2
-48.4027 36.4008 22.5822 -0.653609 0.756821 -0.0042296 0 0 2
-47.8445 36.8817 22.1274 -0.653808 0.75666 -0.00111714 0 0 2
-47.1515 37.4806 21.6104 -0.654196 0.756302 0.00590684 0 0 2
-46.5559 38.0058 21.2049 -0.658855 0.75223 0.00777569 0 0 2
-45.9423 38.5471 20.8291 -0.659158 0.75196 0.00817541 0 0 2
-45.4374 38.995 20.5472 -0.661195 0.750175 0.00771686 0 0 2
-44.9332 39.4421 20.2779 -0.65849 0.752569 0.00553604 0 0 2
-44.3716 39.9311 20.0176 -0.656646 0.754193 0.00314733 0 0 2
-43.8154 40.4173 19.8082 -0.657516 0.753435 0.00293843 0 0 2
-43.0872 41.0561 19.5685 -0.657538 0.753397 0.00599593 0 0 2
-42.5439 41.5298 19.4118 -0.65593 0.754787 0.00718784 0 0 2
-41.6558 42.2937 19.186 -0.650223 0.759738 0.00274005 0 0 2
-40.9355 42.8824 19.0352 -0.610019 0.792267 0.0137605 0 0 2
-40.1767 43.4491 18.9049 -0.597863 0.801588 0.00405152 0 0 2
-39.4224 43.9888 18.8042 -0.552396 0.833495 0.0119998 0 0 2
-38.8899 44.3288 18.7557 -0.537909 0.843 0.00237534 0 0 2
-38.2492 44.7224 18.7128 -0.497857 0.867029 0.0199607 0 0 2
-37.3528 45.2392 18.6705 -0.498603 0.866575 0.0210428 0 0 2
-36.2695 45.7774 18.6442 -0.415989 0.909292 0.0118517 0 0 2
-35.2753 46.2149 18.6403 -0.373901 0.927466 -0.00195115 0 0 2
-34.3561 46.5523 18.6412 -0.344572 0.93874 0.0061577 0 0 2
-33.6954 46.7948 18.642 -0.33976 0.940512 0.000580351 0 0 2
-32.4738 47.1813 18.6434 -0.292551 0.956231 0.00598627 0 0 2
-31.427 47.5028 18.6463 -0.26376 0.964526 0.0109478 0 0 2
-30.4069 47.7167 18.6523 -0.198399 0.979985 -0.0163402 0 0 2
-29.4393 47.9125 18.6504 -0.192529 0.981159 -0.0161339 0 0 2
-28.7165 48.0497 18.6381 -0.185513 0.98253 -0.0148269 0 0 2
-27.8308 48.2156 18.6214 -0.166143 0.986004 -0.0138539 0 0 2
-26.9836 48.3419 18.598 -0.147856 0.98891 -0.013974 0 0 2
-26.3883 48.4306 18.5722 -0.144398 0.989322 -0.0197773 0 0 2
-25.6459 48.539 18.5425 -0.150466 0.988068 -0.032887 0 0 2
-24.4268 48.7253 18.4861 -0.145102 0.988713 -0.0373172 0 0 2
-23.6583 48.8273 18.4437 -0.129733 0.990717 -0.0406117 0 0 2
-22.9132 48.9231 18.4006 -0.119327 0.992102 -0.0386657 0 0 2
-22.178 49.002 18.3544 -0.112392 0.993091 -0.0337263 0 0 2
-21.4591 49.0847 18.3139 -0.115869 0.992789 -0.0307359 0 0 2
-20.331 49.2208 18.2537 -0.122743 0.991919 -0.0320919 0 0 2
-19.3695 49.3307 18.2053 -0.113655 0.992668 -0.041146 0 0 2
-18.296 49.4517 18.1574 -0.11378 0.992652 -0.0411793 0 0 2
-17.2868 49.5685 18.1234 -0.109069 0.993357 -0.036683 0 0 2
-16.5232 49.6454 18.1009 -0.101153 0.994245 -0.0352925 0 0 2
-15.6457 49.7369 18.0797 -0.105027 0.993426 -0.0455412 0 0 2
-14.9885 49.8046 18.0662 -0.103324 0.993584 -0.0459811 0 0 2
-14.0367 49.9026 18.0436 -0.103193 0.993603 -0.0458774 0 0 2
-13.1362 49.9994 18.0212 -0.108807 0.993461 -0.0345741 0 0 2
-11.9255 50.1316 17.986 -0.100019 0.99457 -0.0287616 0 0 2
-11.0888 50.2071 17.9559 -0.0910272 0.995319 -0.0324671 0 0 2
-10.2725 50.2806 17.9202 -0.0829837 0.995986 -0.0335457 0 0 2
-9.63016 50.3275 17.8806 -0.0815278 0.996317 -0.026564 0 0 2
-8.74699 50.4047 17.8275 -0.0812357 0.996506 -0.0193834 0 0 2
-7.9744 50.4611 17.7702 -0.074356 0.997026 -0.0202593 0 0 2
-7.21264 50.5165 17.7004 -0.0744662 0.997021 -0.0200958 0 0 2
-6.26099 50.5749 17.6041 -0.0636091 0.997685 -0.0240415 0 0 2
-5.32348 50.6319 17.4892 -0.0611264 0.997819 -0.0249033 0 0 2
-4.37443 50.6845 17.3643 -0.0586423 0.997947 -0.025756 0 0 2
-3.5533 50.7298 17.2494 -0.0589361 0.997949 -0.0249747 0 0 2
-2.55079 50.7854 17.1093 -0.0592964 0.997876 -0.0269555 0 0 2
-1.7661 50.8284 16.9743 -0.0592964 0.997876 -0.0269555 0 0 2
-0.670263 50.8735 16.7779 -0.0449719 0.998645 -0.0261847 0 0 2
-0.0715576 50.8973 16.6562 -0.0482798 0.998622 -0.0205493 0 0 2
0.929976 50.9411 16.472 -0.0425547 0.998988 -0.0145871 0 0 2
2.18428 50.9911 16.2322 -0.033996 0.999309 -0.0150358 0 0 2
2.9399 51.0081 16.0916 -0.0253851 0.999559 -0.0154155 0 0 2
3.72511 51.0281 15.9487 -0.0303749 0.999533 -0.00334563 0 0 2
4.46878 51.0507 15.8145 -0.0309958 0.999514 -0.00341905 0 0 2
5.18457 51.0739 15.694 -0.0327999 0.999396 -0.0114934 0 0 2
6.09482 51.1037 15.5465 -0.0349371 0.999365 -0.00702865 0 0 2
6.70899 51.1244 15.4441 -0.0349371 0.999365 -0.00702865 0 0 2
7.87017 51.1574 15.2645 -0.0297667 0.999554 -0.00242002 0 0 2
8.98342 51.1933 15.1054 -0.0323288 0.999477 -0.000472508 0 0 2
9.95039 51.2276 14.9756 -0.0348996 0.999384 -0.0036939 0 0 2
10.9766 51.2613 14.8455 -0.0334048 0.999432 -0.00445833 0 0 2
11.9404 51.2945 14.7281 -0.0314267 0.999455 -0.0100997 0 0 2
12.8392 51.318 14.6228 -0.0289816 0.999574 -0.00353192 0 0 2
13.6542 51.3413 14.5251 -0.0289816 0.999574 -0.00353192 0 0 2
14.5593 51.3645 14.4253 -0.0255566 0.999666 -0.00392503 0 0 2
15.3585 51.3844 14.3359 -0.0228155 0.999732 -0.00387353 0 0 2
15.9788 51.3979 14.2614 -0.0263944 0.999635 0.0058006 0 0 2
16.7457 51.4186 14.1772 -0.02757 0.999604 0.0055596 0 0 2
17.6437 51.445 14.0652 -0.0287434 0.999573 0.00531906 0 0 2
18.7481 51.476 13.9265 -0.0278337 0.999606 0.003581 0 0 2
19.679 51.5031 13.8253 -0.0288018 0.99958 0.00310084 0 0 2
20.8467 51.5378 13.724 -0.0327133 0.999464 0.000874033 0 0 2
21.649 51.5665 13.6809 -0.0334929 0.999436 -0.00224035 0 0 2
22.4696 51.592 13.6472 -0.0311163 0.999512 -0.00277375 0 0 2
23.3519 51.6206 13.6159 -0.0302167 0.999543 0.00120175 0 0 2
24.1222 51.6416 13.5871 -0.0286563 0.999587 -0.002171 0 0 2
25.303 51.677 13.562 -0.0262124 0.999641 -0.00548491 0 0 2
26.11 51.6949 13.5408 -0.022872 0.999728 -0.00455583 0 0 2
27.0926 51.7179 13.5372 -0.0136597 0.999901 -0.00329693 0 0 2
27.7515 51.7205 13.5403 -0.00390211 0.999988 -0.00297255 0 0 2
28.7078 51.7246 13.57 -0.00670474 0.999968 -0.00440825 0 0 2
29.5963 51.7313 13.6123 -0.00480257 0.999942 -0.00963482 0 0 2
30.4272 51.7357 13.6582 0.00100297 0.999954 -0.00957401 0 0 2
31.1818 51.731 13.7002 0.00680659 0.999932 -0.00951631 0 0 2
32.0525 51.7239 13.739 0.020368 0.999747 -0.00950432 0 0 2
32.9341 51.6974 13.7622 0.0303734 0.999437 -0.0142357 0 0 2
33.8746 51.6655 13.752 0.0414084 0.999044 -0.0139835 0 0 2
35.0021 51.6122 13.6863 0.046184 0.998787 -0.0170753 0 0 2
35.8761 51.5588 13.5866 0.0876463 0.996078 -0.0121107 0 0 2
36.5124 51.4885 13.4757 0.100176 0.99494 -0.00764844 0 0 2
37.2306 51.4214 13.3152 0.0935854 0.995608 0.00245129 0 0 2
38.3513 51.2446 13.0037 0.187806 0.982204 -0.00230657 0 0 2
39.2128 51.087 12.6745 0.219898 0.975469 0.010215 0 0 2
40.2626 50.8128 12.1718 0.259276 0.965693 0.0145835 0 0 2
41.1908 50.5883 11.6297 0.286671 0.95757 0.0296546 0 0 2
42.1099 50.2931 10.9739 0.324116 0.945585 0.0285988 0 0 2
42.9243 50.0521 10.3356 0.39368 0.918369 0.0401782 0 0 2
43.6347 49.6927 9.66166 0.468365 0.883242 0.0227652 0 0 2
44.3548 49.3414 8.92237 0.458044 0.887959 0.0415378 0 0 2
28.8214 51.7394 11.2423 -0.00379252 0.999961 0.00793898 0 0 2
29.6984 51.7407 11.2778 -0.00471171 0.999828 0.0179375 0 0 2
30.522 51.7439 11.3167 -0.00471089 0.999828 0.0179393 0 0 2
31.4393 51.7409 11.3511 0.0032922 0.999812 0.0191117 0 0 2
32.3146 51.7369 11.3649 0.0177556 0.99964 0.0201383 0 0 2
33.0343 51.7153 11.3602 0.0300979 0.999279 0.0231285 0 0 2
33.9903 51.6876 11.3139 0.0290438 0.999408 0.0184424 0 0 2
34.916 51.6346 11.2223 0.0601193 0.998119 0.0120389 0 0 2
35.7942 51.5834 11.081 0.0797278 0.996729 0.0132052 0 0 2
36.7165 51.4885 10.8557 0.10932 0.994005 0.00179102 0 0 2
37.2943 51.4253 10.6719 0.109318 0.994005 0.0017909 0 0 2
38.1822 51.2897 10.3021 0.183772 0.982968 0.00153001 0 0 2
38.9659 51.139 9.86874 0.187423 0.982276 -0.00266519 0 0 2
39.7037 50.9842 9.35559 0.236334 0.971666 -0.00327098 0 0 2
40.2409 50.8494 8.90708 0.238442 0.971136 -0.006289 0 0 2
40.8527 50.7036 8.3357 0.260079 0.965486 0.0140093 0 0 2
41.4513 50.5387 7.72982 0.261961 0.965078 0.000263158 0 0 2
42.0896 50.3681 7.02152 0.314457 0.94894 -0.0250961 0 0 2
42.76 50.1445 6.21333 0.354305 0.931669 0.0803796 0 0 2
43.2358 50.0145 5.62266 0.314146 0.948926 0.0291787 0 0 2
43.8106 49.7525 4.83741 0.464126 0.885765 -0.0025131 0 0 2
44.1808 49.5571 4.33764 0.464126 0.885766 -0.00251231 0 0 2
44.865 49.2335 3.42998 0.445911 0.894838 0.0207052 0 0 2
45.4704 48.9485 2.70679 0.467885 0.88333 0.028508 0 0 2
46.1635 48.464 1.89169 0.549671 0.834417 -0.0401272 0 0 2
46.8384 47.986 1.19623 0.565146 0.823562 -0.0485347 0 0 2
47.3588 47.6233 0.74125 0.571984 0.8199 0.0244709 0 0 2
47.8932 47.2622 0.349247 0.59208 0.805838 0.00811191 0 0 2
48.4364 46.8385 -0.00583089 0.611664 0.791074 -0.00825296 0 0 2
48.8769 46.4955 -0.234246 0.612758 0.79026 0.00413819 0 0 2
49.5986 45.7695 -0.59005 0.732185 0.681089 0.00477298 0 0 2
50.2403 45.0813 -0.8039 0.736855 0.676048 -0.00184969 0 0 2
50.8544 44.3515 -0.936252 0.77357 0.633709 0.00168356 0 0 2
51.3957 43.6952 -0.99077 0.78217 0.62291 -0.013931 0 0 2
51.8352 43.121 -0.999981 0.793098 0.609012 -0.0100173 0 0 2
52.4067 42.3789 -0.985482 0.793061 0.609122 -0.0050627 0 0 2
53.0541 41.5319 -0.91302 0.795073 0.606501 -0.00397106 0 0 2
53.7153 40.6658 -0.799806 0.796164 0.605061 -0.00486222 0 0 2
54.3572 39.8247 -0.659206 0.794851 0.606739 -0.00892715 0 0 2
55.0005 38.9845 -0.48967 0.796248 0.604888 -0.0099581 0 0 2
55.689 38.0799 -0.279333 0.796761 0.604176 -0.0119467 0 0 2
56.2428 37.3484 -0.0950578 0.795559 0.605876 0.000475538 0 0 2
56.7517 36.6846 0.0797783 0.793597 0.608443 -0.000725157 0 0 2
57.1967 36.1044 0.242019 0.793599 0.608441 -0.000723857 0 0 2
57.9271 35.1616 0.547443 0.79076 0.61212 -0.0027153 0 0 2
58.379 34.5787 0.754966 0.792101 0.610371 -0.00485827 0 0 2
59.0069 33.7808 1.13638 0.784836 0.619693 -0.003488 0 0 2
59.5488 33.0942 1.51427 0.78443 0.620214 0.0020746 0 0 2
59.8962 32.6539 1.7784 0.782881 0.622171 0.000109474 0 0 2
60.3736 32.0575 2.18822 0.781166 0.624321 -0.00172673 0 0 2
60.8605 31.4499 2.68661 0.779915 0.625876 -0.00338224 0 0 2
61.2021 31.0291 3.10272 0.778818 0.627229 -0.0051669 0 0 2
61.5446 30.6077 3.58282 0.779272 0.626645 -0.00709371 0 0 2
62.0175 30.0268 4.40599 0.78027 0.625421 -0.00528949 0 0 2
62.44 29.5091 5.43097 0.778047 0.628172 -0.00659285 0 0 2
62.6999 29.1954 6.4655 0.776127 0.630573 -0.00203874 0 0 2
62.902 28.9509 7.7651 0.773823 0.633387 -0.00436922 0 0 2
62.9962 28.8444 8.79225 0.774401 0.632671 -0.00553122 0 0 2
63.0584 28.7771 9.79983 0.774309 0.63278 -0.00587969 0 0 2
63.0999 28.7362 10.6003 0.776547 0.629981 -0.00989895 0 0 2
63.1286 28.713 11.3759 0.777095 0.629345 -0.00695185 0 0 2
63.1317 28.7157 12.3995 0.777634 0.628704 -0.00400219 0 0 2
63.0965 28.7534 13.4885 0.77345 0.633844 0.00400637 0 0 2
63.0209 28.8425 14.7009 0.772173 0.635411 0.00110868 0 0 2
62.9342 28.9462 15.4791 0.772082 0.635521 0.00132918 0 0 2
62.7978 29.1106 16.3385 0.773699 0.633549 -0.00224169 0 0 2
62.5935 29.3691 17.265 0.775486 0.631344 -0.00513136 0 0 2
62.3492 29.673 17.9993 0.775792 0.630981 -0.00305368 0 0 2
62.0757 30.0122 18.5908 0.778076 0.628158 -0.00387007 0 0 2
61.6222 30.5834 19.309 0.780314 0.625371 -0.00461211 0 0 2
61.1646 31.1729 19.8756 0.784475 0.619925 -0.0170641 0 0 2
60.7702 31.6862 20.2715 0.786151 0.617781 -0.0176772 0 0 2
60.3118 32.2766 20.659 0.782988 0.621985 -0.00808912 0 0 2
59.7352 33.0055 21.0685 0.781952 0.623282 -0.00840572 0 0 2
59.0914 33.8303 21.4222 0.788691 0.614593 -0.0155717 0 0 2
58.4228 34.7009 21.7059 0.790708 0.612026 -0.0143205 0 0 2
57.785 35.5216 21.9004 0.788366 0.615137 -0.00929779 0 0 2
57.2595 36.1984 22.0166 0.789072 0.614237 -0.0089003 0 0 2
56.8516 36.7233 22.0791 0.789198 0.614072 -0.00905669 0 0 2
56.4641 37.2294 22.1231 0.796263 0.604946 -0.00216994 0 0 2
55.7329 38.1936 22.1579 0.795018 0.606585 -0.00114456 0 0 2
55.2162 38.8631 22.1596 0.788443 0.615095 0.00391428 0 0 2
54.8109 39.3826 22.1518 0.788443 0.615095 0.00391428 0 0 2
54.1269 40.2845 22.1466 0.79161 0.610721 0.0193429 0 0 2
53.6264 40.9193 22.1521 0.775109 0.631039 0.0315502 0 0 2
53.057 41.5949 22.1833 0.764988 0.643196 0.0330505 0 0 2
52.6141 42.119 22.2359 0.765793 0.642126 0.0351386 0 0 2
51.8981 42.9569 22.3301 0.760362 0.647784 0.047172 0 0 2
51.3339 43.61 22.457 0.760363 0.647783 0.0471706 0 0 2
50.3592 44.5774 22.6811 0.708373 0.703604 0.0561161 0 0 2
49.7629 45.1641 22.8513 0.705448 0.705484 0.0680879 0 0 2
49.2616 45.6175 22.9905 0.628226 0.771827 0.0980538 0 0 2
48.7061 46.0297 23.1339 0.607678 0.789796 0.0833633 0 0 2
48.1321 46.4546 23.2927 0.607677 0.789797 0.0833627 0 0 2
47.3041 47.1125 23.5259 0.620936 0.782904 0.0387123 0 0 2
46.6776 47.5759 23.6963 0.600496 0.798857 0.0351072 0 0 2
46.0424 48.0327 23.8638 0.529973 0.844732 0.0745451 0 0 2
45.4361 48.3697 24.0014 0.496557 0.865328 0.0681008 0 0 2
44.6558 48.8047 24.1642 0.527908 0.848588 0.0348191 0 0 2
43.8851 49.2608 24.3111 0.488377 0.872553 -0.0117928 0 0 2
43.0496 49.7303 24.4463 0.467021 0.884094 0.016429 0 0 2
42.3013 50.0409 24.5426 0.360897 0.932258 0.0254617 0 0 2
41.738 50.2586 24.612 0.363812 0.930899 0.0326796 0 0 2
40.9912 50.5477 24.6911 0.32305 0.945976 0.027721 0 0 2
40.296 50.7502 24.7576 0.278531 0.960029 0.027665 0 0 2
39.2863 51.037 24.8341 0.248624 0.96804 0.0329465 0 0 2
38.4226 51.2317 24.8873 0.221681 0.974552 0.0332488 0 0 2
37.5849 51.4225 24.9277 0.193283 0.980422 0.0376121 0 0 2
36.6322 51.5785 24.9594 0.163216 0.986123 0.0303706 0 0 2
35.6391 51.7421 24.9843 0.132042 0.991047 0.01979 0 0 2
34.6007 51.8445 25.0016 0.0957362 0.995319 0.0132051 0 0 2
33.9438 51.9075 25.014 0.0957364 0.995319 0.0132051 0 0 2
32.6114 51.9918 25.0328 0.0564841 0.998399 -0.00295668 0 0 2
31.139 52.0821 25.0508 0.0611377 0.998099 -0.00781167 0 0 2
30.0141 52.1198 25.064 0.00441283 0.99929 -0.037417 0 0 2
29.0283 52.1094 25.0842 -0.011212 0.999466 -0.0307018 0 0 2
28.3266 52.102 25.0998 -0.0163165 0.999265 -0.0346784 0 0 2
27.2099 52.0655 25.1289 -0.0374518 0.998769 -0.0325168 0 0 2
26.4313 52.0368 25.1436 -0.0371254 0.998683 -0.0354192 0 0 2
25.1485 51.9922 25.1475 -0.0338986 0.998974 -0.0300262 0 0 2
24.1545 51.9581 25.1359 -0.0321799 0.999006 -0.0308414 0 0 2
23.4824 51.9373 25.1272 -0.0303032 0.999042 -0.0315568 0 0 2
22.337 51.9019 25.1014 -0.0301418 0.99905 -0.0314592 0 0 2
21.1682 51.8709 25.0849 -0.0304796 0.998821 -0.0377946 0 0 2
20.1367 51.8338 25.0857 -0.0359475 0.998497 -0.0413664 0 0 2
19.0969 51.8027 25.1006 -0.0313476 0.998487 -0.0451702 0 0 2
18.0663 51.7679 25.1216 -0.0346674 0.998277 -0.0473374 0 0 2
17.0793 51.7445 25.1446 -0.0238756 0.998396 -0.0513333 0 0 2
16.2179 51.7227 25.1671 -0.0270422 0.998178 -0.0539318 0 0 2
15.3627 51.7012 25.1958 -0.0268534 0.99818 -0.0539885 0 0 2
14.5594 51.6817 25.2337 -0.0265895 0.998201 -0.0537421 0 0 2
13.7135 51.669 25.2884 -0.0182634 0.997771 -0.0641849 0 0 2
12.9243 51.6593 25.3627 -0.0193653 0.997774 -0.0638071 0 0 2
12.2192 51.6508 25.4567 -0.0204645 0.997777 -0.0634245 0 0 2
11.233 51.6413 25.6198 -0.0197271 0.997812 -0.0631053 0 0 2
10.307 51.6364 25.8284 -0.0194498 0.997812 -0.063193 0 0 2
9.33373 51.6409 26.0967 -0.013495 0.997037 -0.0757248 0 0 2
8.56387 51.6525 26.3576 -0.01084 0.997027 -0.0762919 0 0 2
7.58786 51.6716 26.746 -0.01401 0.996656 -0.0805048 0 0 2
6.82817 51.6881 27.0868 -0.0173488 0.99488 -0.0995661 0 0 2
6.14039 51.7152 27.4598 -0.0181716 0.99423 -0.105716 0 0 2
5.58659 51.739 27.7784 -0.0181664 0.99423 -0.105717 0 0 2
4.99638 51.7692 28.164 -0.0230532 0.993959 -0.107306 0 0 2
4.21723 51.8057 28.6968 -0.0258456 0.993563 -0.110294 0 0 2
3.67227 51.8373 29.0939 -0.0237446 0.993458 -0.1117 0 0 2
3.02395 51.8813 29.5771 -0.0295552 0.991673 -0.125341 0 0 2
2.27174 51.9244 30.1395 -0.0359503 0.991625 -0.124049 0 0 2
1.29441 51.9836 30.8679 -0.0331724 0.991243 -0.127819 0 0 2
0.628553 52.0128 31.3619 -0.0583323 0.98942 -0.132836 0 0 2
0.0845388 52.0337 31.7558 -0.0581426 0.989068 -0.135512 0 0 2
-0.806428 52.0692 32.3847 -0.0592337 0.988743 -0.137399 0 0 2
-1.5712 52.0932 32.8959 -0.0603436 0.988763 -0.136772 0 0 2
-2.35225 52.1136 33.3885 -0.0682241 0.988813 -0.132646 0 0 2
-3.13271 52.1156 33.8536 -0.0753079 0.988364 -0.132154 0 0 2
-3.84867 52.1149 34.2564 -0.075308 0.988364 -0.132154 0 0 2
-4.51771 52.1016 34.6111 -0.0886416 0.98809 -0.125781 0 0 2
-5.26927 52.0832 34.9825 -0.0879689 0.988609 -0.122124 0 0 2
-5.90166 52.0614 35.283 -0.0907735 0.988696 -0.119333 0 0 2
-6.97118 52.0097 35.7615 -0.104157 0.988049 -0.113628 0 0 2
-7.74209 51.9646 36.0949 -0.105436 0.988291 -0.110287 0 0 2
-8.82827 51.8949 36.5472 -0.110076 0.987919 -0.109082 0 0 2
-9.68148 51.8362 36.8881 -0.121633 0.9865 -0.109647 0 0 2
-10.2403 51.787 37.1076 -0.128894 0.985876 -0.106929 0 0 2
-11.4312 51.6811 37.5671 -0.130094 0.985782 -0.106348 0 0 2
-12.2214 51.6086 37.872 -0.131288 0.985672 -0.105899 0 0 2
-13.1389 51.5273 38.2197 -0.141056 0.985323 -0.0961298 0 0 2
-13.7553 51.4507 38.4571 -0.158323 0.983323 -0.0895008 0 0 2
-14.576 51.3467 38.7822 -0.15914 0.983417 -0.086981 0 0 2
-15.1481 51.2696 39.0054 -0.174266 0.981329 -0.0813867 0 0 2
-15.7502 51.1825 39.2445 -0.174268 0.981329 -0.0813861 0 0 2
-16.3731 51.093 39.4992 -0.174598 0.98125 -0.0816368 0 0 2
-17.4201 50.9211 39.9224 -0.196454 0.97732 -0.0790674 0 0 2
-18.2321 50.785 40.2576 -0.202963 0.976274 -0.075469 0 0 2
-19.0083 50.6423 40.5832 -0.20946 0.975173 -0.0718653 0 0 2
-19.8146 50.4901 40.9211 -0.227135 0.971342 -0.0700308 0 0 2
-20.5684 50.3271 41.2468 -0.237021 0.969426 -0.0635122 0 0 2
-21.5548 50.1131 41.6675 -0.236046 0.96973 -0.0624991 0 0 2
-22.4373 49.9239 42.0456 -0.234851 0.969974 -0.0632056 0 0 2
-23.3779 49.7223 42.4452 -0.237181 0.969607 -0.0600704 0 0 2
-24.0607 49.5705 42.7335 -0.242182 0.968503 -0.0578821 0 0 2
-25.1798 49.3152 43.1917 -0.244852 0.967774 -0.0588276 0 0 2
-26.2519 49.0839 43.6086 -0.234303 0.969748 -0.0684905 0 0 2
-27.1156 48.9052 43.928 -0.241623 0.969043 -0.0507256 0 0 2
-28.0272 48.6718 44.2556 -0.260767 0.964632 -0.0385478 0 0 2
-28.6895 48.5018 44.4827 -0.255044 0.966278 -0.0354945 0 0 2
-29.7405 48.2059 44.8274 -0.284306 0.958667 -0.0112792 0 0 2
-30.6611 47.9362 45.1084 -0.287093 0.957496 -0.0279178 0 0 2
-31.6625 47.6147 45.3925 -0.310228 0.95066 -0.00207191 0 0 2
-32.52 47.3354 45.6218 -0.300311 0.953832 -0.00430251 0 0 2
-33.3556 47.0832 45.8261 -0.290355 0.956897 -0.00653189 0 0 2
-34.1902 46.8286 46.0151 -0.331061 0.943544 -0.0110759 0 0 2
-34.9408 46.5278 46.1749 -0.3738 0.926928 0.0328427 0 0 2
-35.6828 46.2234 46.3202 -0.400777 0.915297 0.0401021 0 0 2
-36.2842 45.9329 46.4326 -0.427389 0.902829 0.0473219 0 0 2
-37.3317 45.4065 46.5988 -0.472692 0.881208 0.00597861 0 0 2
-38.1244 44.9409 46.7055 -0.522043 0.851608 0.0472807 0 0 2
-38.8243 44.5069 46.7935 -0.522043 0.851608 0.04728 0 0 2
-39.6018 43.9843 46.8678 -0.588227 0.808513 0.0171912 0 0 2
-40.1856 43.5446 46.9073 -0.600577 0.79927 0.0217617 0 0 2
-40.7163 43.1449 46.9397 -0.59763 0.801689 0.0115479 0 0 2
-41.2361 42.7605 46.9539 -0.616312 0.787486 0.00505119 0 0 2
-41.9341 42.1781 46.9493 -0.644677 0.764414 -0.00793411 0 0 2
-42.6115 41.6064 46.9103 -0.64971 0.760144 -0.00763064 0 0 2
-43.4285 40.8979 46.8235 -0.654714 0.755841 -0.00732691 0 0 2
-44.1374 40.2828 46.7117 -0.654243 0.756258 -0.00628678 0 0 2
-44.8655 39.6441 46.5588 -0.659336 0.751818 -0.00672722 0 0 2
-45.4781 39.1052 46.3822 -0.659423 0.751742 -0.00670358 0 0 2
-46.0965 38.5602 46.1596 -0.660154 0.751095 -0.00718594 0 0 2
-46.9674 37.7912 45.781 -0.660166 0.751083 -0.00739742 0 0 2
-47.714 37.1344 45.4148 -0.658332 0.752699 -0.00659501 0 0 2
-48.147 36.7538 45.1914 -0.65833 0.752701 -0.00659641 0 0 2
-48.6064 36.3514 44.9098 -0.655899 0.754837 -0.00431436 0 0 2
-49.2907 35.7544 44.4776 -0.656284 0.754503 -0.0040135 0 0 2
-49.7212 35.3816 44.1597 -0.64956 0.76031 -0.000354365 0 0 2
-50.1257 35.0341 43.8568 -0.650196 0.759759 -0.00342915 0 0 2
-50.6874 34.5513 43.3918 -0.648103 0.76155 -0.00211226 0 0 2
-51.098 34.2034 43.0204 -0.646875 0.762588 -0.00353528 0 0 2
-51.6389 33.739 42.472 -0.647741 0.761835 -0.00627564 0 0 2
-52.0479 33.3928 42.0073 -0.64219 0.766528 -0.00517668 0 0 2
-52.4662 33.0385 41.4689 -0.642284 0.766448 -0.00536489 0 0 2
-52.8391 32.7221 40.9142 -0.645356 0.763861 -0.00565338 0 0 2
-53.2409 32.3821 40.183 -0.645513 0.763749 -0.000251886 0 0 2
-53.5022 32.161 39.5784 -0.645514 0.763749 -0.000250445 0 0 2
-53.7905 31.9219 38.7315 -0.642849 0.765983 0.00385918 0 0 2
-53.9525 31.7855 37.9949 -0.642231 0.76651 -0.00146875 0 0 2
-54.1403 31.629 36.9443 -0.638522 0.769602 0.00161777 0 0 2
-54.2375 31.5508 36.1066 -0.6384 0.769701 0.00229156 0 0 2
-54.3106 31.478 35.0611 -0.620492 0.784199 -0.00469556 0 0 2
-54.3501 31.4508 34.3122 -0.624402 0.781103 0.000868827 0 0 2
-54.3597 31.4412 33.7104 -0.629295 0.777162 -0.00251925 0 0 2
-54.3568 31.4357 32.2181 -0.632907 0.774226 -0.00177033 0 0 2
-54.3223 31.4661 31.2525 -0.636497 0.771279 -0.000656024 0 0 2
-54.2624 31.5124 30.4068 -0.636408 0.771347 -0.00287003 0 0 2
-54.1867 31.5719 29.6131 -0.637561 0.770397 -0.00212763 0 0 2
-54.0468 31.6757 28.6827 -0.636609 0.771121 -0.0100883 0 0 2
-53.9043 31.7836 27.9318 -0.636608 0.771121 -0.0100891 0 0 2
-53.6689 31.9714 27.0128 -0.637973 0.77004 -0.00530146 0 0 2
-53.45 32.1482 26.3631 -0.638019 0.770002 -0.00527939 0 0 2
-53.1054 32.4265 25.5591 -0.637248 0.770631 -0.00662256 0 0 2
-52.7587 32.7075 24.8883 -0.639045 0.769166 -0.00229569 0 0 2
-52.3782 33.0276 24.2077 -0.64196 0.766734 0.00233691 0 0 2
-52.0412 33.3115 23.6483 -0.64196 0.766735 0.00233561 0 0 2
-51.4716 33.7857 22.783 -0.640514 0.767946 -0.00141509 0 0 2
-50.9742 34.2049 22.0705 -0.647771 0.761835 0.0002406 0 0 2
-50.5217 34.5914 21.4491 -0.648296 0.761387 0.00142739 0 0 2
-49.9938 35.0433 20.7572 -0.650027 0.759906 0.00258581 0 0 2
-49.2758 35.6613 19.8813 -0.650144 0.759804 0.00314323 0 0 2
-48.8188 36.0561 19.3663 -0.652744 0.757566 0.00426471 0 0 2
-48.3581 36.4575 18.8705 -0.653648 0.75678 0.0053517 0 0 2
-47.9258 36.8341 18.428 -0.653481 0.756914 0.0065243 0 0 2
-47.367 37.3319 17.8953 -0.660431 0.750815 0.0103327 0 0 2
-46.8279 37.8127 17.4151 -0.661733 0.749636 0.0124916 0 0 2
-46.4125 38.1877 17.0582 -0.66282 0.748635 0.0146758 0 0 2
-45.7608 38.7744 16.5476 -0.66462 0.746857 0.0220431 0 0 2
-45.2277 39.2664 16.169 -0.668166 0.743414 0.0298395 0 0 2
-44.7811 39.6804 15.9013 -0.669734 0.741983 0.0302915 0 0 2
-43.9031 40.4878 15.4272 -0.659407 0.750994 0.0345037 0 0 2
-43.4708 40.8709 15.2344 -0.65458 0.755354 0.0310643 0 0 2
-42.9032 41.3719 14.9921 -0.654312 0.755642 0.0296662 0 0 2
-42.4681 41.7551 14.8272 -0.649134 0.760145 0.0283627 0 0 2
-41.8843 42.2536 14.6362 -0.643924 0.764611 0.0270535 0 0 2
-41.415 42.6536 14.5014 -0.645885 0.762811 0.0308667 0 0 2
-40.6449 43.2531 14.3132 -0.593065 0.803465 0.0521278 0 0 2
-40.0757 43.6806 14.2 -0.594054 0.802971 0.0483475 0 0 2
-39.1589 44.273 14.0435 -0.528111 0.849138 0.00796402 0 0 2
-38.5789 44.6345 13.957 -0.528111 0.849138 0.00796402 0 0 2
-37.9419 45.0161 13.8832 -0.507882 0.861425 -0.00174982 0 0 2
-37.3203 45.3586 13.8246 -0.448202 0.893146 0.0374964 0 0 2
-36.7279 45.6578 13.7793 -0.4482 0.893146 0.0374974 0 0 2
-36.0406 45.9931 13.7414 -0.386608 0.922099 0.0163452 0 0 2
-35.2034 46.2989 13.7086 -0.342364 0.939367 0.0194278 0 0 2
-34.6285 46.5088 13.6924 -0.346656 0.937985 0.00366341 0 0 2
-34.0529 46.7243 13.6816 -0.324348 0.945932 -0.00325795 0 0 2
-33.3347 46.9239 13.6771 -0.267488 0.96345 0.0146671 0 0 2
-32.733 47.0973 13.6773 -0.27645 0.9596 0.0523817 0 0 2
-31.8434 47.3532 13.6844 -0.232298 0.971928 0.0373236 0 0 2
-31.016 47.5137 13.6898 -0.196207 0.980467 0.0136757 0 0 2
-30.1977 47.6773 13.7003 -0.196207 0.980467 0.013673 0 0 2
-29.2269 47.8419 13.7183 -0.167065 0.985876 -0.0117354 0 0 2
-28.2521 48.0131 13.735 -0.172702 0.984882 -0.0134702 0 0 2
-27.5117 48.143 13.7441 -0.175688 0.984223 -0.0209653 0 0 2
-26.2678 48.3267 13.7656 -0.138021 0.990307 -0.015598 0 0 2
-25.3103 48.4603 13.7758 -0.138019 0.990307 -0.0155997 0 0 2
-24.303 48.597 13.7919 -0.134054 0.990868 -0.0145146 0 0 2
-23.2619 48.7298 13.8096 -0.12413 0.991991 -0.0233557 0 0 2
-22.3411 48.8451 13.8283 -0.123824 0.992032 -0.0232321 0 0 2
-21.452 48.9607 13.8469 -0.122823 0.992419 -0.00445831 0 0 2
-20.6682 49.0454 13.8643 -0.109843 0.993896 -0.0102844 0 0 2
-19.7939 49.1447 13.8896 -0.118018 0.992749 -0.0228189 0 0 2
-18.8668 49.2567 13.9179 -0.116388 0.992726 -0.0308097 0 0 2
-17.9302 49.3675 13.9513 -0.116204 0.99275 -0.0307128 0 0 2
-17.3044 49.4413 13.9722 -0.121954 0.992221 -0.0249801 0 0 2
-16.2034 49.5842 14.0183 -0.127884 0.9916 -0.0193435 0 0 2
-15.0255 49.7223 14.0714 -0.107884 0.994058 -0.0144561 0 0 2
-14.3381 49.7948 14.1048 -0.103964 0.994406 -0.018668 0 0 2
-13.0576 49.913 14.1646 -0.0858376 0.996209 -0.0140963 0 0 2
-12.45 49.9657 14.1886 -0.0891015 0.995973 -0.00997057 0 0 2
-11.3992 50.0741 14.2343 -0.106713 0.994217 -0.0120337 0 0 2
-10.5923 50.161 14.2609 -0.0999084 0.994921 -0.0122663 0 0 2
-9.78728 50.2366 14.2827 -0.0930969 0.995579 -0.012502 0 0 2
-9.12463 50.2987 14.2899 -0.094177 0.995498 -0.0107066 0 0 2
-8.15146 50.385 14.2961 -0.0866116 0.996233 -0.00433343 0 0 2
-7.32014 50.4572 14.2878 -0.0754035 0.997142 -0.00479709 0 0 2
-6.28042 50.524 14.2682 -0.064186 0.997924 -0.00525622 0 0 2
-5.31257 50.586 14.2342 -0.0656857 0.99781 -0.00777657 0 0 2
-4.09524 50.6651 14.1701 -0.0649582 0.997885 0.00256251 0 0 2
-2.9167 50.742 14.088 -0.0606693 0.998146 0.0047883 0 0 2
-1.97684 50.7887 14.0082 -0.04755 0.998868 0.00129267 0 0 2
-1.07185 50.8319 13.9164 -0.0449078 0.998989 0.00211084 0 0 2
-0.277464 50.8657 13.8264 -0.0420051 0.999114 0.00255231 0 0 2
0.434146 50.8958 13.7409 -0.0454817 0.998962 0.00258754 0 0 2
1.35132 50.9411 13.6271 -0.0489575 0.998797 0.00262634 0 0 2
2.23127 50.9845 13.5129 -0.0485111 0.998821 0.0018025 0 0 2
3.17491 51.0141 13.3951 -0.0297348 0.999538 0.00624692 0 0 2
4.07771 51.0417 13.2802 -0.0287812 0.999565 0.00638852 0 0 2
4.67296 51.0588 13.2039 -0.0278296 0.999591 0.00652978 0 0 2
5.77613 51.0923 13.0635 -0.0303945 0.999492 0.00962374 0 0 2
6.43731 51.1134 12.978 -0.0307742 0.999481 0.00954278 0 0 2
7.18298 51.1394 12.8859 -0.0314862 0.9995 0.00274612 0 0 2
7.81284 51.1571 12.8096 -0.0278263 0.99961 0.00248112 0 0 2
8.7294 51.1829 12.6995 -0.0301056 0.999546 0.000682149 0 0 2
9.80785 51.2168 12.5785 -0.0315294 0.999502 -0.00150511 0 0 2
10.8693 51.2501 12.4653 -0.032513 0.999469 -0.00218471 0 0 2
11.8355 51.2858 12.365 -0.0370376 0.999313 -0.00111076 0 0 2
12.7984 51.3214 12.2646 -0.0310833 0.999516 0.00148266 0 0 2
13.88 51.3528 12.1546 -0.0287059 0.999568 0.00629236 0 0 2
14.9263 51.3836 12.056 -0.0291459 0.999518 0.0107164 0 0 2
15.8536 51.4106 11.9722 -0.0277597 0.999537 0.0124534 0 0 2
16.7758 51.4372 11.8863 -0.0263724 0.999581 0.0119152 0 0 2
17.636 51.4597 11.7993 -0.0259325 0.999606 0.0107203 0 0 2
18.7964 51.4922 11.6756 -0.0268799 0.999588 0.0100617 0 0 2
19.9157 51.5234 11.5624 -0.0268897 0.999588 0.0100648 0 0 2
20.9123 51.5526 11.4657 -0.0297795 0.999532 0.00694772 0 0 2
21.8713 51.5814 11.3853 -0.0299358 0.999512 0.00887112 0 0 2
23.0775 51.619 11.3074 -0.0287972 0.999535 0.00998381 0 0 2
24.2206 51.6507 11.2593 -0.0275028 0.999582 0.00889359 0 0 2
25.3955 51.6833 11.2315 -0.0263071 0.999621 0.00814344 0 0 2
26.2434 51.7026 11.2199 -0.0222419 0.999702 0.0100271 0 0 2
54.8706 39.2906 24.3632 0.773915 0.633118 0.0147239 0 0 2
55.4833 38.5117 24.2855 0.78831 0.615227 -0.00788947 0 0 2
56.0805 37.7454 24.1985 0.788838 0.614559 -0.00722342 0 0 2
56.7105 36.9335 24.0892 0.789682 0.613477 -0.0070283 0 0 2
57.3015 36.1714 23.9613 0.788423 0.615081 -0.00806622 0 0 2
57.7714 35.5698 23.8376 0.787386 0.616387 -0.00951505 0 0 2
58.5244 34.6032 23.5957 0.787611 0.616092 -0.00992625 0 0 2
59.2704 33.6582 23.2893 0.783929 0.620624 -0.0167564 0 0 2
59.9163 32.8255 22.9508 0.785928 0.617971 -0.020706 0 0 2
60.6175 31.9239 22.4982 0.782416 0.622482 -0.0184885 0 0 2
61.2438 31.1272 22.0003 0.781333 0.623923 -0.0154172 0 0 2
61.9055 30.2804 21.3517 0.782373 0.622601 -0.0161485 0 0 2
62.4175 29.6202 20.7436 0.782539 0.622372 -0.0168907 0 0 2
62.8382 29.0888 20.1338 0.775008 0.631874 -0.00994297 0 0 2
63.1166 28.7428 19.5987 0.774096 0.633034 -0.00659194 0 0 2
63.4846 28.289 18.6531 0.771253 0.636512 -0.00468975 0 0 2
63.7245 27.9915 17.7786 0.771227 0.636541 -0.00495734 0 0 2
63.8831 27.8086 16.724 0.765278 0.643698 0.00152609 0 0 2
63.9547 27.7209 15.8502 0.764443 0.644688 -0.00208634 0 0 2
63.995 27.6688 14.9117 0.765352 0.64361 -0.00148149 0 0 2
64.0201 27.639 13.9044 0.765833 0.643039 0.000103159 0 0 2
64.0293 27.6176 12.8121 0.770718 0.63715 -0.00575292 0 0 2
64.0288 27.6116 11.7909 0.771368 0.636376 -0.00414649 0 0 2
64.0192 27.616 10.8125 0.771402 0.636323 -0.00562192 0 0 2
64.0036 27.6264 9.97423 0.771101 0.636681 -0.00644135 0 0 2
63.9773 27.6505 8.87346 0.770764 0.637114 -0.00288402 0 0 2
63.9518 27.6796 8.26953 0.771536 0.636183 -0.00186166 0 0 2
63.9189 27.7128 7.30652 0.771504 0.636189 -0.00670091 0 0 2
63.8591 27.7772 6.52945 0.769572 0.638546 -0.00413198 0 0 2
63.8148 27.8278 5.69973 0.767486 0.64106 -0.00259004 0 0 2
63.6381 28.0356 4.73726 0.767553 0.640981 -0.00248784 0 0 2
63.3462 28.3756 3.80598 0.770837 0.636997 -0.00675762 0 0 2
63.0482 28.735 3.14619 0.773345 0.633973 -0.00400626 0 0 2
62.6539 29.2144 2.48077 0.7758 0.630971 0.0032931 0 0 2
62.3444 29.6003 2.00951 0.778102 0.62813 0.00331395 0 0 2
61.8906 30.1655 1.41683 0.777024 0.629471 -0.000453133 0 0 2
61.4413 30.715 0.934265 0.776365 0.630269 -0.004275 0 0 2
61.0022 31.2537 0.512585 0.776798 0.629735 -0.00433017 0 0 2
60.6183 31.725 0.179504 0.779417 0.626453 -0.00806498 0 0 2
60.0641 32.4218 -0.270395 0.783531 0.621352 0.000397628 0 0 2
59.5709 33.044 -0.636851 0.783852 0.620947 0.00068183 0 0 2
59.0684 33.6804 -0.977603 0.785023 0.619466 0.000348015 0 0 2
58.5542 34.3323 -1.29838 0.784242 0.620455 -0.000389169 0 0 2
58.1109 34.9003 -1.55544 0.793238 0.608853 -0.0083775 0 0 2
57.7407 35.3797 -1.76503 0.793238 0.608853 -0.0083775 0 0 2
57.257 36.0153 -2.03573 0.797385 0.603439 -0.00618332 0 0 2
56.8842 36.5057 -2.25118 0.797519 0.603267 -0.00567822 0 0 2
56.3701 37.1738 -2.55772 0.789989 0.613111 0.00351747 0 0 2
55.924 37.7501 -2.82319 0.789668 0.613526 0.00335085 0 0 2
55.5039 38.2916 -3.07854 0.789347 0.613939 0.00317724 0 0 2
55.0524 38.8779 -3.34504 0.796207 0.604997 -0.00572932 0 0 2
54.5789 39.4957 -3.63942 0.795215 0.60629 -0.00682871 0 0 2
53.9554 40.309 -4.03144 0.79631 0.604839 -0.00774069 0 0 2
53.3443 41.1009 -4.44066 0.795854 0.605 -0.0243283 0 0 2
53.0026 41.5405 -4.6869 0.795854 0.604999 -0.024331 0 0 2
52.6226 42.0281 -4.92356 0.792931 0.608747 -0.0262052 0 0 2
51.9404 42.8943 -5.36123 0.790872 0.611598 -0.021665 0 0 2
51.3578 43.6385 -5.70946 0.791747 0.610528 -0.019799 0 0 2
50.6379 44.5173 -6.04677 0.769977 0.637784 -0.0191562 0 0 2
49.9441 45.3331 -6.22966 0.734042 0.676154 -0.0632305 0 0 2
49.1798 46.0401 -6.27663 0.667339 0.744173 -0.0294136 0 0 2
48.2758 46.8536 -6.20418 0.656855 0.753107 -0.0370436 0 0 2
47.623 47.377 -6.04199 0.607283 0.794186 -0.0218116 0 0 2
46.6422 48.1434 -5.63795 0.608272 0.793234 -0.0280276 0 0 2
46.0672 48.5399 -5.31914 0.542197 0.84012 -0.0148658 0 0 2
45.5055 48.9084 -4.97676 0.542226 0.840144 -0.0122514 0 0 2
45.0122 49.2308 -4.63191 0.523523 0.851987 0.00652986 0 0 2
44.4725 49.5329 -4.12711 0.498918 0.86642 0.0199136 0 0 2
43.838 49.8797 -3.45825 0.468358 0.882635 0.0399425 0 0 2
43.3426 50.0874 -2.83438 0.443055 0.895498 0.0422521 0 0 2
42.8317 50.3057 -2.10367 0.443055 0.895498 0.0422538 0 0 2
42.3075 50.4987 -1.29637 0.405252 0.91266 0.0531263 0 0 2
41.8756 50.6455 -0.532251 0.40509 0.912698 0.053703 0 0 2
41.4223 50.8158 0.363883 0.364363 0.93051 0.0372986 0 0 2
41.1707 50.8682 0.969753 0.347173 0.935656 0.0633991 0 0 2
40.8203 50.9418 1.80115 0.345509 0.936289 0.0631354 0 0 2
40.381 51.004 2.90479 0.280347 0.958042 0.059676 0 0 2
40.0395 51.0538 3.70831 0.277718 0.95849 0.0645692 0 0 2
39.6572 51.1079 4.55315 0.256951 0.965469 0.0429637 0 0 2
39.286 51.1761 5.24259 0.257095 0.965905 0.030497 0 0 2
38.9078 51.2659 5.82249 0.224072 0.973525 0.045163 0 0 2
38.2818 51.3248 6.67508 0.190519 0.979024 0.0722113 0 0 2
37.6149 51.3971 7.45575 0.183931 0.982023 0.0424312 0 0 2
36.7567 51.5124 8.02826 0.133801 0.991006 0.00184241 0 0 2
35.7833 51.646 8.44292 0.0946292 0.994374 0.0476067 0 0 2
34.9892 51.6871 8.6285 0.0577647 0.998251 0.0125436 0 0 2
34.1953 51.7314 8.76275 0.0456371 0.998847 0.0149086 0 0 2
33.4323 51.7553 8.85792 0.0335052 0.999289 0.0172743 0 0 2
32.3633 51.7723 8.96467 0.00517367 0.999963 0.00680006 0 0 2
31.1323 51.7753 9.00181 0.00265405 0.999958 0.0087967 0 0 2
30.0576 51.7745 8.95066 -0.00166089 0.999967 0.00796036 0 0 2
29.2569 51.7734 8.91632 -0.00409078 0.999931 0.0109685 0 0 2
28.1817 51.7599 8.92155 -0.0133151 0.999823 0.0132867 0 0 2
27.2579 51.7472 8.9551 -0.0179451 0.999777 0.0111112 0 0 2
26.4636 51.7289 8.99066 -0.0238878 0.999667 0.00973418 0 0 2
25.2573 51.6981 9.03132 -0.0251974 0.999627 0.0105369 0 0 2
24.0174 51.6666 9.07099 -0.0260692 0.999595 0.0114492 0 0 2
22.9143 51.6358 9.13173 -0.0271892 0.999556 0.0121974 0 0 2
21.8707 51.6066 9.21741 -0.02753 0.99954 0.0127205 0 0 2
21.1479 51.5852 9.2949 -0.0281573 0.999518 0.0130788 0 0 2
20.3375 51.561 9.3986 -0.0281454 0.999519 0.013004 0 0 2
19.6209 51.5399 9.48782 -0.0254791 0.999573 0.014319 0 0 2
18.9492 51.5225 9.57869 -0.023646 0.99959 0.0161623 0 0 2
18.1899 51.5031 9.67036 -0.023646 0.99959 0.0161623 0 0 2
17.0484 51.4723 9.77239 -0.0256986 0.999528 0.0168057 0 0 2
15.9236 51.4415 9.83929 -0.0283607 0.999456 0.0168591 0 0 2
14.9218 51.4105 9.89026 -0.0300387 0.999392 0.0176751 0 0 2
13.9357 51.3782 9.93999 -0.0329413 0.999355 0.0143217 0 0 2
12.8939 51.344 10.0153 -0.0318095 0.999398 0.0138151 0 0 2
11.8397 51.3102 10.1114 -0.031297 0.999375 0.0164574 0 0 2
10.8422 51.2756 10.1961 -0.0331504 0.999299 0.0173887 0 0 2
9.9148 51.2457 10.2644 -0.0289463 0.999377 0.0201965 0 0 2
8.86137 51.2132 10.34 -0.0293104 0.999364 0.0203193 0 0 2
8.2382 51.1939 10.3913 -0.0272335 0.999386 0.0220269 0 0 2
7.14315 51.1631 10.4792 -0.0259308 0.999427 0.0217565 0 0 2
6.1084 51.1355 10.5804 -0.0290981 0.999406 0.0184752 0 0 2
5.24167 51.105 10.6654 -0.033411 0.999274 0.0182999 0 0 2
4.5305 51.0801 10.7251 -0.0313348 0.9994 0.0147679 0 0 2
3.37961 51.0399 10.805 -0.0335254 0.999248 0.0195035 0 0 2
2.38733 51.0052 10.8728 -0.0397678 0.999028 0.0190266 0 0 2
1.43883 50.9602 10.9474 -0.0460098 0.998769 0.0185472 0 0 2
0.347142 50.912 11.0274 -0.0422766 0.999044 0.0110881 0 0 2
-0.660701 50.8689 11.0859 -0.0416532 0.999063 0.0117418 0 0 2
-1.7233 50.8244 11.1363 -0.0538674 0.998488 0.0109565 0 0 2
-2.62999 50.7638 11.1572 -0.0658094 0.997796 0.0085462 0 0 2
-3.79657 50.6876 11.1605 -0.0659618 0.997795 0.00733564 0 0 2
-4.5658 50.6363 11.1355 -0.0667462 0.997745 0.00707532 0 0 2
-5.43543 50.5789 11.0861 -0.0708416 0.997484 0.00271827 0 0 2
-6.35403 50.5089 11.0344 -0.0759031 0.997115 -0.000880161 0 0 2
-7.42763 50.4244 10.9912 -0.0817052 0.996656 -0.000726684 0 0 2
-8.60254 50.3258 10.9306 -0.0834682 0.996507 -0.00259081 0 0 2
-9.35901 50.2571 10.8637 -0.093562 0.995613 -0.000858899 0 0 2
-10.5592 50.1465 10.7383 -0.0896519 0.99597 0.002501 0 0 2
-11.4179 50.0704 10.6337 -0.0885588 0.996068 0.00227984 0 0 2
-12.2944 49.9914 10.5302 -0.0971216 0.995197 0.0122572 0 0 2
-13.304 49.886 10.4211 -0.105422 0.994419 0.00420064 0 0 2
-14.2897 49.7819 10.3218 -0.106744 0.994278 0.00404535 0 0 2
-15.2527 49.6776 10.2255 -0.108068 0.994136 0.00388531 0 0 2
-16.2877 49.5634 10.1202 -0.11619 0.9932 0.00736812 0 0 2
-17.0272 49.4747 10.0395 -0.119718 0.992789 0.00617178 0 0 2
-17.9767 49.3608 9.94867 -0.118322 0.992753 0.0210042 0 0 2
-19.0553 49.2357 9.85583 -0.116404 0.993057 0.0169895 0 0 2
-20.0223 49.1236 9.7803 -0.124117 0.992176 0.0134583 0 0 2
-20.7739 49.0242 9.72571 -0.125514 0.992084 0.00394048 0 0 2
-21.6338 48.9209 9.67084 -0.119196 0.992869 -0.00204016 0 0 2
-22.943 48.7567 9.5917 -0.126051 0.992014 -0.00444109 0 0 2
-23.7699 48.6485 9.54729 -0.147939 0.988993 0.00276474 0 0 2
-24.6461 48.52 9.50741 -0.134149 0.990465 0.0313439 0 0 2
-25.3011 48.4322 9.47959 -0.134151 0.990465 0.0313442 0 0 2
-26.2059 48.3162 9.44079 -0.125416 0.991663 0.029599 0 0 2
-27.2148 48.1738 9.40039 -0.147136 0.988946 0.0183384 0 0 2
-28.0782 48.0417 9.36956 -0.151969 0.988159 0.0211476 0 0 2
-29.1488 47.9121 9.34144 -0.118594 0.992398 0.0328845 0 0 2
-30.0724 47.8043 9.31845 -0.154397 0.987761 0.0221343 0 0 2
-30.8953 47.6425 9.2918 -0.193391 0.981012 0.0146598 0 0 2
-31.8791 47.4396 9.26536 -0.231346 0.972729 -0.0166758 0 0 2
-32.8005 47.185 9.24779 -0.276717 0.96093 0.00647132 0 0 2
-33.7878 46.9008 9.24182 -0.276719 0.960929 0.00647081 0 0 2
-34.7272 46.5608 9.25522 -0.361705 0.932273 -0.00609816 0 0 2
-35.7289 46.1483 9.2959 -0.380408 0.924759 0.010526 0 0 2
-36.5742 45.7991 9.35751 -0.381191 0.92444 0.0102378 0 0 2
-37.3518 45.4344 9.43869 -0.449566 0.891788 0.0510399 0 0 2
-38.2109 44.9713 9.55342 -0.469305 0.88186 0.0455654 0 0 2
-39.2177 44.4134 9.71145 -0.52993 0.84753 0.0294494 0 0 2
-40.0453 43.8321 9.87744 -0.574573 0.818451 0.00192733 0 0 2
-40.8543 43.2217 10.0777 -0.603143 0.797327 0.0221129 0 0 2
-41.4008 42.8042 10.2252 -0.603062 0.797385 0.0222234 0 0 2
-42.121 42.1978 10.4559 -0.646592 0.76274 0.0121072 0 0 2
-42.7005 41.7032 10.6615 -0.646593 0.762739 0.0121092 0 0 2
-43.3019 41.1618 10.9111 -0.663344 0.74792 0.0242798 0 0 2
-43.8976 40.6247 11.1918 -0.664869 0.746499 0.0262468 0 0 2
-44.3341 40.2252 11.4214 -0.666476 0.745139 0.0240319 0 0 2
-45.0135 39.6078 11.8089 -0.667788 0.744039 0.0215539 0 0 2
-45.692 38.9821 12.2567 -0.669506 0.742455 0.0228649 0 0 2
-46.3135 38.4077 12.7125 -0.669491 0.742475 0.0226434 0 0 2
-47.043 37.7401 13.344 -0.660741 0.750083 0.0282223 0 0 2
-47.704 37.1331 13.9986 -0.660586 0.750228 0.0280089 0 0 2
-48.2277 36.6511 14.5691 -0.660429 0.750374 0.0277938 0 0 2
-48.7307 36.1878 15.1668 -0.657761 0.753008 0.0181515 0 0 2
-49.1906 35.7795 15.7651 -0.650656 0.759212 0.0156477 0 0 2
-49.6413 35.3801 16.4047 -0.648614 0.761016 0.0124042 0 0 2
-49.9849 35.0819 16.9221 -0.646819 0.76257 0.0106096 0 0 2
-50.3846 34.7342 17.547 -0.64614 0.763154 0.00992459 0 0 2
-50.7566 34.413 18.1182 -0.645424 0.763771 0.0090829 0 0 2
-51.1486 34.0746 18.7211 -0.644642 0.764436 0.00862509 0 0 2
-51.6217 33.6696 19.4646 -0.643842 0.765131 0.00649156 0 0 2
-51.9151 33.4188 19.934 -0.64481 0.764326 0.00503871 0 0 2
-52.4942 32.9294 20.8708 -0.642058 0.766653 0.00200354 0 0 2
-52.9362 32.5574 21.6036 -0.641867 0.766815 -0.000972611 0 0 2
-53.2387 32.3068 22.105 -0.64192 0.766762 -0.00391757 0 0 2
-53.5348 32.0614 22.597 -0.642311 0.76644 -0.0026585 0 0 2
-53.8988 31.7572 23.2394 -0.642702 0.766115 -0.00140041 0 0 2
-54.3243 31.4027 24.0496 -0.641324 0.76726 -0.00381118 0 0 2
-54.5877 31.1869 24.6501 -0.641446 0.767148 -0.00559129 0 0 2
-54.7995 31.0142 25.2632 -0.640344 0.76806 -0.00662511 0 0 2
-55.0313 30.8301 26.1533 -0.640707 0.767743 -0.00804896 0 0 2
-55.1986 30.7003 27.0874 -0.640808 0.767662 -0.00778781 0 0 2
-55.2772 30.6449 28.1333 -0.641152 0.767373 -0.00786329 0 0 2
-55.3607 30.5873 29.2679 -0.641518 0.767072 -0.00737976 0 0 2
-55.3895 30.5689 29.9363 -0.641644 0.766974 -0.00656084 0 0 2
-55.4359 30.5505 31.4544 -0.635843 0.771769 -0.00871399 0 0 2
-55.4451 30.55 32.3464 -0.63516 0.772356 -0.00610762 0 0 2
-55.4479 30.5538 33.4764 -0.636253 0.771477 -0.00204746 0 0 2
-55.4428 30.5586 34.3965 -0.635256 0.772301 -0.000575108 0 0 2
-55.418 30.5716 35.8992 -0.637355 0.770556 0.00468917 0 0 2
-55.3902 30.5921 36.7766 -0.639102 0.769119 0.00210131 0 0 2
-55.3356 30.6337 37.8237 -0.63983 0.768512 0.0026626 0 0 2
-55.228 30.7203 38.8666 -0.640286 0.768133 0.00227293 0 0 2
-55.0629 30.854 39.6714 -0.63994 0.768417 0.00360827 0 0 2
-54.774 31.089 40.7288 -0.641811 0.766861 0.00170457 0 0 2
-54.484 31.3335 41.4115 -0.643462 0.765477 -0.000832467 0 0 2
-54.069 31.6834 42.1473 -0.646318 0.763062 -0.00293485 0 0 2
-53.6192 32.0714 42.8516 -0.64923 0.760579 -0.00437939 0 0 2
-53.0092 32.5964 43.6722 -0.645899 0.763414 -0.00369327 0 0 2
-52.4672 33.0539 44.3193 -0.642634 0.766166 -0.00331768 0 0 2
-52.02 33.4315 44.7926 -0.642872 0.765965 -0.00360671 0 0 2
-51.3561 33.9904 45.4644 -0.643877 0.765125 -0.00266009 0 0 2
-50.8807 34.3936 45.8989 -0.645126 0.764069 -0.00319659 0 0 2
-50.3104 34.8859 46.3775 -0.649725 0.760048 -0.0135888 0 0 2
-49.8627 35.2755 46.7612 -0.653111 0.757175 -0.0114795 0 0 2
-49.0213 36.014 47.3972 -0.655575 0.755084 -0.00830068 0 0 2
-48.199 36.7342 47.9657 -0.655067 0.755532 -0.00758576 0 0 2
-47.4632 37.3804 48.4303 -0.658412 0.752623 -0.00719911 0 0 2
-46.5508 38.1835 48.9489 -0.658133 0.752875 -0.00630196 0 0 2
-45.8762 38.7787 49.2755 -0.66016 0.751107 -0.00516078 0 0 2
-45.2034 39.3719 49.5534 -0.660365 0.750927 -0.00516103 0 0 2
-44.5529 39.9426 49.7771 -0.656671 0.754175 0.00195983 0 0 2
-43.9906 40.4317 49.9352 -0.65667 0.754175 0.00195815 0 0 2
-43.1381 41.1611 50.1406 -0.643221 0.765661 0.00552871 0 0 2
-42.3539 41.8099 50.2835 -0.627293 0.778734 0.00879228 0 0 2
-41.6707 42.3431 50.3683 -0.615643 0.788011 0.00458396 0 0 2
-40.9947 42.8709 50.4241 -0.602471 0.797376 0.0349164 0 0 2
-40.2496 43.3698 50.4536 -0.556965 0.828168 0.0626701 0 0 2
-39.5099 43.8664 50.4649 -0.543162 0.837621 0.0580162 0 0 2
-38.7007 44.3684 50.4612 -0.522347 0.850608 0.0601544 0 0 2
-38.1657 44.6979 50.4465 -0.522347 0.850608 0.0601576 0 0 2
-37.2519 45.2447 50.4102 -0.500277 0.863986 0.0570153 0 0 2
-36.4245 45.7216 50.3565 -0.495308 0.866521 0.0617417 0 0 2
-35.5698 46.1305 50.2821 -0.414836 0.908965 0.0411433 0 0 2
-34.9157 46.4379 50.2091 -0.398459 0.916879 0.0237356 0 0 2
-34.1806 46.7306 50.1202 -0.366315 0.930276 0.0200187 0 0 2
-33.4931 47.0033 50.0271 -0.365884 0.930447 0.0199424 0 0 2
-32.9093 47.234 49.9399 -0.357474 0.933533 0.0270037 0 0 2
-32.1787 47.5174 49.8137 -0.336064 0.941715 0.0153077 0 0 2
-31.4139 47.7713 49.6691 -0.314429 0.949274 0.00360249 0 0 2
-30.56 48.0521 49.487 -0.314056 0.94937 0.00806485 0 0 2
-29.5587 48.3902 49.2438 -0.317508 0.948195 0.0106943 0 0 2
-28.5759 48.7201 48.9727 -0.280261 0.959837 -0.012943 0 0 2
-27.5606 48.9652 48.6571 -0.245833 0.968549 -0.038461 0 0 2
-26.5478 49.2084 48.3077 -0.248417 0.967975 -0.0362275 0 0 2
-25.7972 49.3934 48.0281 -0.25109 0.967365 -0.0340492 0 0 2
-24.8253 49.6338 47.6424 -0.239095 0.970431 -0.0331126 0 0 2
-24.0161 49.8209 47.3012 -0.246899 0.967971 -0.0455222 0 0 2
-23.1683 50.0197 46.93 -0.244002 0.968547 -0.0487748 0 0 2
-22.2595 50.211 46.5239 -0.225149 0.97301 -0.050589 0 0 2
-21.4384 50.3805 46.1485 -0.225642 0.973285 -0.0424509 0 0 2
-20.651 50.5498 45.781 -0.229662 0.972224 -0.0451242 0 0 2
-19.8515 50.7211 45.4028 -0.224129 0.973541 -0.0445462 0 0 2
-19.1156 50.871 45.0525 -0.220052 0.97458 -0.0420781 0 0 2
-18.482 51.0011 44.7509 -0.214413 0.975809 -0.0427024 0 0 2
-17.6606 51.1594 44.3629 -0.208766 0.977005 -0.0433308 0 0 2
-16.8659 51.3043 43.9935 -0.200135 0.978302 -0.0535879 0 0 2
-16.0422 51.4471 43.6135 -0.194822 0.979332 -0.0543372 0 0 2
-15.2901 51.5765 43.265 -0.179064 0.981803 -0.0632417 0 0 2
-14.5006 51.6825 42.9081 -0.160746 0.984754 -0.0664895 0 0 2
-13.7084 51.7878 42.5524 -0.165996 0.98402 -0.0644266 0 0 2
-12.9117 51.9039 42.1958 -0.171245 0.983253 -0.0623652 0 0 2
-12.0609 52.0206 41.8169 -0.150282 0.985222 -0.0821711 0 0 2
-11.0531 52.1168 41.3737 -0.132433 0.987371 -0.0869501 0 0 2
-10.2161 52.1966 41.0052 -0.131299 0.986991 -0.0927873 0 0 2
-9.13315 52.2781 40.529 -0.116328 0.988049 -0.101126 0 0 2
-8.1889 52.3462 40.1086 -0.116067 0.988062 -0.101303 0 0 2
-7.50715 52.3938 39.8004 -0.111427 0.988709 -0.100191 0 0 2
-6.80217 52.4405 39.477 -0.11143 0.988709 -0.100192 0 0 2
-5.98589 52.4875 39.0939 -0.103981 0.988579 -0.109083 0 0 2
-4.95755 52.5391 38.5947 -0.102394 0.98878 -0.108767 0 0 2
-4.21284 52.5715 38.2171 -0.0905529 0.989281 -0.114555 0 0 2
-3.47436 52.5859 37.8213 -0.0813843 0.989928 -0.115839 0 0 2
-2.77248 52.5975 37.4274 -0.0810628 0.989725 -0.117786 0 0 2
-1.90258 52.6019 36.91 -0.0810108 0.988487 -0.127789 0 0 2
-1.19741 52.602 36.4637 -0.0810129 0.988487 -0.12779 0 0 2
-0.253808 52.5826 35.8283 -0.0675834 0.988693 -0.133858 0 0 2
0.560904 52.5578 35.245 -0.0601698 0.987965 -0.142492 0 0 2
1.21616 52.5203 34.7518 -0.0538469 0.987799 -0.146131 0 0 2
2.12952 52.465 34.0388 -0.0446028 0.987647 -0.150215 0 0 2
2.81537 52.4036 33.4786 -0.034546 0.988989 -0.143902 0 0 2
3.57213 52.3361 32.833 -0.0261586 0.989093 -0.144951 0 0 2
4.21836 52.263 32.2593 -0.0177696 0.989127 -0.145986 0 0 2
4.95646 52.1884 31.5979 -0.0247869 0.990267 -0.136952 0 0 2
5.6573 52.1239 30.9902 -0.0215466 0.991544 -0.127973 0 0 2
6.33506 52.0546 30.4145 0.00510063 0.992698 -0.120518 0 0 2
7.06695 51.9814 29.8424 0.00165018 0.99308 -0.117424 0 0 2
7.67604 51.9369 29.4464 -0.00180226 0.993441 -0.114331 0 0 2
8.40628 51.8891 29.0302 0.000292165 0.994641 -0.103387 0 0 2
9.05254 51.861 28.704 -0.00354666 0.995684 -0.0927366 0 0 2
9.87602 51.831 28.3503 -0.0073931 0.995765 -0.0916365 0 0 2
10.931 51.8132 28.0231 -0.0112404 0.99583 -0.0905381 0 0 2
11.9814 51.8045 27.749 -0.0163198 0.997214 -0.0727856 0 0 2
12.8561 51.8073 27.5834 -0.0149869 0.997481 -0.0693289 0 0 2
13.7986 51.8119 27.4461 -0.0164417 0.997514 -0.0685276 0 0 2
14.5597 51.8218 27.3906 -0.0178972 0.997543 -0.0677297 0 0 2
15.3772 51.8324 27.3729 -0.0118129 0.998218 -0.0584904 0 0 2
16.0722 51.8439 27.3689 -0.0169304 0.998353 -0.054817 0 0 2
16.9201 51.8581 27.3664 -0.0201053 0.998308 -0.0545598 0 0 2
17.7401 51.8735 27.3587 -0.0180336 0.998705 -0.0475619 0 0 2
18.4074 51.8852 27.3516 -0.0180336 0.998705 -0.0475619 0 0 2
19.3886 51.91 27.337 -0.0272066 0.99856 -0.0462315 0 0 2
20.3134 51.9294 27.3266 -0.0188884 0.999001 -0.0404899 0 0 2
21.6288 51.9591 27.3143 -0.0235178 0.999182 -0.0328904 0 0 2
22.6813 51.9824 27.319 -0.0219802 0.999271 -0.0312031 0 0 2
24.0329 52.0216 27.3223 -0.0310394 0.999101 -0.0288906 0 0 2
25.2004 52.0589 27.3171 -0.0374084 0.998913 -0.0278052 0 0 2
26.226 52.1021 27.3128 -0.0422205 0.998785 -0.0254073 0 0 2
27.264 52.1383 27.3109 -0.0200178 0.999588 -0.0205554 0 0 2
28.2528 52.1497 27.3114 -0.0115323 0.999622 -0.0249756 0 0 2
29.0183 52.1585 27.3115 -0.00853937 0.99971 -0.0224953 0 0 2
30.0931 52.1448 27.3167 0.0186773 0.999137 -0.0371089 0 0 2
31.1435 52.1256 27.3272 0.0408217 0.998935 -0.0215055 0 0 2
32.1629 52.0528 27.3433 0.0817784 0.996545 -0.0144994 0 0 2
32.863 51.9955 27.3554 0.0796197 0.996788 -0.00863451 0 0 2
34.0065 51.8812 27.3721 0.105071 0.994461 0.00267689 0 0 2
34.9412 51.782 27.3798 0.138972 0.989726 0.0335899 0 0 2
35.9595 51.595 27.378 0.181053 0.982551 0.0425799 0 0 2
36.9667 51.4097 27.3723 0.186969 0.981372 0.0441822 0 0 2
38.0194 51.1998 27.3575 0.197349 0.979459 0.0413905 0 0 2
38.6433 51.0747 27.3444 0.197349 0.979459 0.0413909 0 0 2
39.6706 50.851 27.2994 0.25427 0.966524 0.0343298 0 0 2
40.5675 50.5891 27.2424 0.281291 0.95944 0.0186908 0 0 2
41.3216 50.3691 27.1872 0.331564 0.942086 0.0503929 0 0 2
41.9473 50.0926 27.1311 0.416277 0.907595 0.0546329 0 0 2
43.0588 49.5938 27.0163 0.429916 0.901011 0.0578962 0 0 2
43.9431 49.134 26.9047 0.480831 0.873619 0.0747737 0 0 2
44.803 48.6709 26.7851 0.520411 0.852524 0.0487428 0 0 2
45.568 48.1498 26.6542 0.574327 0.817963 0.0329299 0 0 2
46.4069 47.5672 26.494 0.564786 0.824117 0.0429998 0 0 2
47.2599 46.9255 26.2933 0.630044 0.771845 0.0854405 0 0 2
47.9193 46.4069 26.1158 0.622581 0.78079 0.0525424 0 0 2
48.6357 45.8037 25.9027 0.663901 0.74444 0.0710253 0 0 2
49.1537 45.3573 25.7384 0.66013 0.747508 0.0738955 0 0 2
49.691 44.8998 25.5658 0.679737 0.727464 0.0935595 0 0 2
50.2484 44.4025 25.3824 0.692543 0.716718 0.0818564 0 0 2
50.8213 43.8478 25.2043 0.705061 0.705672 0.0701148 0 0 2
51.4521 43.2378 25.0246 0.724058 0.685535 0.076037 0 0 2
51.9104 42.7375 24.8955 0.740638 0.669679 0.0546343 0 0 2
52.5904 42.0058 24.7219 0.743769 0.667322 0.0385841 0 0 2
53.1798 41.3295 24.5961 0.758787 0.650937 0.0228644 0 0 2
